-2.19249 -7.96749 -4.075
-2.44249 -8.03997 -4.19796
-2.79249 -8.22462 -4.34517
-2.94249 -8.28732 -4.40957
-3.24339 -8.39013 -4.56488
-3.39474 -8.44507 -4.66155
-3.59294 -8.53187 -4.83738
-3.74251 -8.57158 -4.97882
-3.89253 -8.58796 -5.12534
-4.14446 -8.5812 -5.375
-4.27761 -8.61723 -5.525
-4.3664 -8.6701 -5.675
-4.50219 -8.75317 -5.975
-4.55548 -8.78768 -6.175
-4.60669 -8.79068 -6.42511
-4.63024 -8.77537 -6.57874
-4.64526 -8.65741 -7.01531
-4.67641 -8.60509 -7.27497
-4.67228 -8.5672 -7.57458
-4.66839 -8.58301 -7.67239
-4.67384 -8.64264 -7.76625
-4.67966 -8.92728 -8.04132
-4.70569 -8.97989 -8.10439
-4.7617 -8.98178 -8.12848
-4.879 -8.9574 -8.13498
-4.94784 -8.97248 -8.16397
-5.08255 -9.08122 -8.32199
-5.2248 -9.16828 -8.46713
-5.44458 -9.25748 -8.71968
-5.57358 -9.3406 -8.87172
-5.72065 -9.47759 -9.01315
-5.82107 -9.58118 -9.08428
-5.96897 -9.7388 -9.14138
-6.15241 -9.94238 -9.17152
-6.22055 -10.0425 -9.17449
-6.45104 -10.4925 -9.17703
-6.52225 -10.6425 -9.19365
-6.6391 -10.8925 -9.27846
-6.74224 -11.1924 -9.42865
-6.79905 -11.388 -9.56527
-6.86111 -11.5649 -9.76729
-6.90191 -11.6647 -9.92399
-6.93421 -11.7611 -10.125
-6.95552 -11.8948 -10.3245
-6.96075 -12.0393 -10.4696
-6.94584 -12.1826 -10.6125
-6.92484 -12.3617 -10.8198
-6.89535 -12.4821 -10.9736
-6.84976 -12.591 -11.1204
-6.73642 -12.8624 -11.417
-6.67213 -12.9669 -11.5731
-6.59971 -13.0434 -11.7249
-6.49283 -13.1155 -11.925
-6.32138 -13.1715 -12.225
-6.16111 -13.1911 -12.425
-5.91979 -13.2118 -12.6725
-5.83494 -13.2597 -12.7612
-5.80321 -13.2979 -12.7987
-5.76717 -13.3917 -12.8558
-5.75788 -13.5423 -12.9066
-5.74892 -13.8425 -12.965
-5.72942 -14.2425 -13.0722
-5.70464 -14.5425 -13.1777
-5.67065 -14.7925 -13.2318
-5.55983 -15.4425 -13.4322
-5.49058 -15.8925 -13.4973
-5.40042 -16.2925 -13.5137
-5.30002 -16.6425 -13.5176
-5.19056 -16.9425 -13.5399
-5.06049 -17.2425 -13.5459
-4.94026 -17.5425 -13.571
-4.86409 -17.7925 -13.6283
-4.69453 -18.3425 -13.8093
-4.58644 -18.5925 -13.8732
-4.49211 -18.7925 -13.9028
-4.16023 -19.3425 -13.9549
-4.04506 -19.4917 -13.9574
-3.90834 -19.6365 -13.9524
-3.75147 -19.7709 -13.9623
-3.54323 -19.9155 -14.0078
-3.3425 -20.0179 -14.0527
-3.04501 -20.1376 -14.082
-2.95591 -20.202 -14.1
-2.8846 -20.2915 -14.1107
-2.7507 -20.5424 -14.1081
-2.6513 -20.6925 -14.1033
-2.52083 -20.8424 -14.0896
-2.30436 -21.0379 -14.0597
-2.14705 -21.1781 -14.0597
-1.94488 -21.3559 -14.0996
-1.74257 -21.494 -14.1557
-1.59249 -21.5746 -14.1899
-1.24249 -21.6918 -14.2154
-0.492494 -21.8807 -14.319
-0.242494 -21.916 -14.3622
0.107505 -21.9182 -14.3985
0.507505 -21.8712 -14.505
0.907508 -21.8807 -14.547
1.10751 -21.8711 -14.5884
1.35751 -21.8252 -14.6392
1.75751 -21.7644 -14.6549
2.20751 -21.7071 -14.7642
2.65751 -21.635 -14.7585
3.05751 -21.5491 -14.7706
3.55751 -21.4529 -14.8137
3.8575 -21.3872 -14.8562
4.05751 -21.3251 -14.8763
4.20751 -21.267 -14.9106
4.40751 -21.1695 -14.9734
4.65751 -21.0193 -15.0485
4.95751 -20.8905 -15.0941
5.30751 -20.7578 -15.1123
5.65751 -20.5304 -15.1442
5.75751 -20.4552 -15.161
5.9075 -20.3157 -15.2044
6.33834 -19.8425 -15.3631
6.49808 -19.6425 -15.443
6.59675 -19.4925 -15.503
6.69489 -19.2925 -15.5521
6.83576 -18.8425 -15.6375
6.90243 -18.4947 -15.6974
6.9419 -18.4037 -15.7144
7.01316 -18.3267 -15.7224
7.30747 -18.1029 -15.7192
7.55583 -17.8432 -15.7184
7.72952 -17.6425 -15.7011
7.86401 -17.3925 -15.6709
7.96395 -17.0425 -15.6368
8.02382 -16.6425 -15.6273
8.06212 -16.0425 -15.6007
8.11444 -15.6925 -15.633
8.12824 -15.5425 -15.6295
8.13108 -14.6425 -15.6249
8.08994 -14.1425 -15.606
8.01477 -13.6925 -15.5293
8.0062 -13.1925 -15.3875
7.98791 -12.9925 -15.3378
7.92439 -12.6425 -15.2367
7.84956 -12.3413 -15.1187
7.84396 -12.1837 -15.0624
7.89419 -12.0763 -15.0173
8.03427 -11.9254 -14.9147
8.12775 -11.8321 -14.8233
8.27838 -11.6632 -14.625
8.4096 -11.5517 -14.475
8.85816 -11.2692 -14.025
9.0119 -11.1525 -13.825
9.1094 -11.0526 -13.6749
9.19327 -10.9295 -13.5236
9.27096 -10.7351 -13.3144
9.29837 -10.5819 -13.1642
9.3011 -10.4381 -13.0201
9.31195 -10.3611 -12.9234
9.37055 -10.1933 -12.6247
9.39613 -10.0517 -12.4199
9.39175 -9.82726 -12.172
9.33786 -9.60197 -11.8723
9.26641 -9.37633 -11.6221
9.24672 -9.30539 -11.5242
9.2072 -9.17037 -11.2194
9.10629 -9.05205 -11.0115
9.03137 -8.97694 -10.9189
8.94437 -8.88887 -10.8386
8.65277 -8.59249 -10.6338
8.50694 -8.44249 -10.5573
8.18165 -8.09249 -10.4179
7.98467 -7.89249 -10.358
7.76636 -7.64212 -10.3005
7.64542 -7.49292 -10.2122
7.55881 -7.38082 -10.0743
7.52223 -7.34584 -9.92498
7.47021 -7.35675 -9.575
7.4733 -7.35237 -9.475
7.50398 -7.32266 -9.275
7.53365 -7.33188 -9.125
7.58937 -7.37552 -8.925
7.64472 -7.47997 -8.525
7.64807 -7.49231 -8.275
7.68037 -7.49127 -8.025
7.68918 -7.47455 -7.825
7.68587 -7.43642 -7.625
7.665 -7.39384 -7.425
7.62481 -7.34156 -7.225
7.54553 -7.27994 -7.02489
7.43141 -7.1933 -6.82149
7.32753 -7.10603 -6.66653
7.15143 -7.0139 -6.47193
6.90368 -6.94878 -6.17435
6.55611 -6.8408 -5.81125
6.29252 -6.80171 -5.57013
6.14758 -6.79149 -5.40988
6.00564 -6.75958 -5.25185
5.7575 -6.70129 -5.04446
5.50751 -6.66015 -4.89048
5.30751 -6.63993 -4.78433
4.90751 -6.56236 -4.60912
4.70751 -6.55398 -4.51954
4.45751 -6.55505 -4.36591
4.20751 -6.5942 -4.24948
4.0075 -6.61677 -4.17591
3.70751 -6.63986 -4.08225
3.35751 -6.62715 -3.98467
3.20751 -6.62501 -3.95592
2.85751 -6.64497 -3.91994
2.50751 -6.66482 -3.85693
2.25751 -6.64253 -3.79181
2.00751 -6.60881 -3.75465
1.70751 -6.63712 -3.74916
1.45751 -6.61038 -3.75385
1.10751 -6.6042 -3.77463
0.907508 -6.62406 -3.76677
0.657508 -6.66738 -3.72989
0.257505 -6.79614 -3.68895
-0.092495 -6.88096 -3.65677
-0.342494 -6.96567 -3.65669
-0.742494 -7.05687 -3.68389
-1.04249 -7.12507 -3.65243
-1.24249 -7.20549 -3.66174
-1.69249 -7.4901 -3.7989
-1.84249 -7.56773 -3.83991
-2.14249 -7.63831 -3.91922
-2.49249 -7.74758 -4.07806
-3.04249 -8.02396 -4.28427
-3.29267 -8.12255 -4.38846
-3.49452 -8.18967 -4.49385
-3.64398 -8.25859 -4.60267
-3.84255 -8.35012 -4.78548
-4.04249 -8.39541 -4.98355
-4.2426 -8.41079 -5.14984
-4.39351 -8.44979 -5.27882
-4.57455 -8.55794 -5.47504
-4.66501 -8.62681 -5.625
-4.81392 -8.72431 -5.975
-4.85427 -8.74043 -6.125
-4.89695 -8.73891 -6.32501
-4.92945 -8.71146 -6.52652
-4.94422 -8.60328 -6.95691
-4.98838 -8.55929 -7.27497
-4.98508 -8.54452 -7.52499
-4.97669 -8.55161 -7.62488
-4.97549 -8.57819 -7.72395
-4.98149 -8.63769 -7.81977
-4.97792 -8.80873 -7.97901
-4.9955 -8.85423 -8.02622
-5.17491 -8.83426 -8.10347
-5.24188 -8.84205 -8.15549
-5.47091 -8.98771 -8.42017
-5.74689 -9.11042 -8.77383
-5.83184 -9.17651 -8.87204
-5.92917 -9.26606 -8.96338
-6.03284 -9.36709 -9.03796
-6.13301 -9.47205 -9.09079
-6.27222 -9.6336 -9.14604
-6.40563 -9.79128 -9.17103
-6.50587 -9.94244 -9.17484
-6.73313 -10.3925 -9.17712
-6.80293 -10.5425 -9.19511
-6.91966 -10.7925 -9.28556
-6.99928 -10.9925 -9.3829
-7.04155 -11.1424 -9.47673
-7.08302 -11.291 -9.60929
-7.14363 -11.47 -9.82181
-7.1889 -11.5707 -9.97482
-7.22911 -11.7017 -10.2243
-7.24244 -11.7963 -10.3693
-7.24132 -12.0913 -10.6654
-7.18547 -12.4196 -11.0249
-7.12578 -12.5551 -11.2213
-7.01194 -12.8092 -11.5195
-6.88587 -13.0049 -11.825
-6.77649 -13.0799 -12.025
-6.58151 -13.1294 -12.375
-6.41464 -13.142 -12.575
-6.16652 -13.1469 -12.8248
-6.06633 -13.1645 -12.9231
-5.97762 -13.2125 -13.0146
-5.94413 -13.2499 -13.0546
-5.90565 -13.3423 -13.1171
-5.89428 -13.4422 -13.1571
-5.87965 -13.7425 -13.2219
-5.84135 -14.4425 -13.4337
-5.79742 -14.7425 -13.4995
-5.72166 -15.3425 -13.6701
-5.70714 -15.5925 -13.7135
-5.64695 -15.9925 -13.7422
-5.51639 -16.5425 -13.7646
-5.3639 -16.9925 -13.7775
-5.2396 -17.2925 -13.7794
-5.13068 -17.5925 -13.8093
-5.05318 -17.8425 -13.8635
-4.90791 -18.3425 -14.0286
-4.73139 -18.7425 -14.1144
-4.5806 -18.9925 -14.1607
-4.34668 -19.2925 -14.2188
-4.18334 -19.4921 -14.2374
-4.05324 -19.6368 -14.2363
-3.90006 -19.7668 -14.2418
-3.74356 -19.8759 -14.2677
-3.343 -20.0836 -14.3576
-3.20103 -20.1635 -14.3699
-3.09061 -20.2919 -14.3634
-2.83997 -20.7425 -14.3538
-2.71859 -20.8923 -14.3453
-2.56666 -21.0399 -14.3278
-2.39851 -21.1784 -14.3083
-2.24283 -21.3099 -14.3165
-1.99249 -21.5041 -14.378
-1.74249 -21.6485 -14.4491
-1.59249 -21.7015 -14.4731
-0.792494 -21.9199 -14.5598
-0.392494 -22.0037 -14.6316
-0.192495 -22.0321 -14.6466
0.107505 -22.0385 -14.6752
0.507505 -22.0076 -14.7825
0.657508 -22.0146 -14.7841
0.907508 -22.056 -14.7865
1.15751 -22.0673 -14.8204
1.35751 -22.0629 -14.8249
1.65751 -22.0224 -14.8254
1.85751 -22.0204 -14.8341
2.40751 -21.9672 -14.893
2.65751 -21.8977 -14.9053
2.85751 -21.8541 -14.9336
3.45751 -21.6752 -15.0331
3.80751 -21.5417 -15.1283
4.15751 -21.3526 -15.1977
4.55751 -21.1319 -15.3253
5.20751 -20.901 -15.4017
5.60751 -20.6513 -15.4255
5.85751 -20.481 -15.4641
6.0574 -20.3142 -15.5222
6.2525 -20.1121 -15.5909
6.42546 -19.8971 -15.6553
6.61124 -19.6426 -15.7608
6.7313 -19.4425 -15.8149
6.89534 -19.0425 -15.8939
6.9754 -18.7425 -15.9382
7.02903 -18.4927 -15.9945
7.07879 -18.3947 -16.0127
7.20785 -18.2647 -16.0182
7.50711 -18.0563 -16.0006
7.69666 -17.8617 -15.9897
7.84934 -17.6471 -15.9737
7.97158 -17.4426 -15.951
8.03652 -17.2925 -15.9246
8.07894 -17.1425 -15.9103
8.15518 -16.6425 -15.8983
8.19899 -16.0925 -15.8607
8.22912 -15.7425 -15.9158
8.25485 -15.3925 -15.902
8.25485 -15.1925 -15.902
8.22633 -14.6925 -15.9244
8.1981 -14.2925 -15.8979
8.17285 -14.0925 -15.8967
8.07512 -13.5425 -15.7961
8.05607 -13.0425 -15.649
8.03623 -12.8425 -15.6013
7.98584 -12.5925 -15.5334
7.90943 -12.3409 -15.4399
7.89478 -12.1818 -15.3797
7.93707 -12.0736 -15.3359
8.02336 -11.9701 -15.28
8.18207 -11.8233 -15.1614
8.31746 -11.6854 -15.0198
8.57221 -11.4719 -14.7102
9.02395 -11.1743 -14.2709
9.18321 -11.0678 -14.0749
9.31885 -10.9306 -13.875
9.41776 -10.7421 -13.675
9.46959 -10.5429 -13.475
9.49862 -10.3681 -13.275
9.53395 -10.2757 -13.125
9.62778 -10.1172 -12.775
9.65204 -9.97659 -12.575
9.66026 -9.83953 -12.425
9.64244 -9.66275 -12.2242
9.60995 -9.51436 -12.016
9.47377 -9.1062 -11.5726
9.45859 -9.04629 -11.4746
9.42764 -8.98265 -11.3246
9.35053 -8.87875 -11.118
9.28621 -8.81209 -11.0152
9.2071 -8.7326 -10.9245
9.0734 -8.5918 -10.8106
8.92696 -8.44247 -10.7169
8.14899 -7.63253 -10.3263
8.06168 -7.53611 -10.2946
7.84902 -7.28462 -10.252
7.81513 -7.24327 -10.2313
7.77344 -7.19017 -10.1642
7.76002 -7.17153 -10.0735
7.75642 -7.16846 -9.92497
7.73807 -7.20087 -9.575
7.83022 -7.27563 -9.175
7.88964 -7.30573 -8.925
7.93439 -7.38443 -8.575
7.94413 -7.40851 -8.325
7.95554 -7.39357 -8.075
7.96646 -7.32387 -7.725
7.94622 -7.27221 -7.525
7.87851 -7.18977 -7.225
7.80797 -7.12226 -7.025
7.72472 -7.05909 -6.87494
7.58098 -6.93944 -6.67172
7.45061 -6.84179 -6.51495
7.29672 -6.76402 -6.36963
7.14179 -6.71574 -6.22425
6.9053 -6.65601 -5.96388
6.75736 -6.60313 -5.8104
6.55542 -6.53294 -5.65434
6.39817 -6.50923 -5.54473
6.19877 -6.49693 -5.35807
5.95722 -6.44663 -5.11993
5.65751 -6.38362 -4.89757
5.45751 -6.35294 -4.77522
5.05751 -6.28241 -4.59021
4.80751 -6.25451 -4.49588
4.65751 -6.24926 -4.42758
4.45751 -6.24733 -4.30353
4.30751 -6.268 -4.22127
4.05751 -6.31564 -4.11887
3.80751 -6.34229 -4.041
3.50751 -6.34227 -3.94732
3.20751 -6.32694 -3.8844
2.95751 -6.34535 -3.86021
2.50751 -6.38251 -3.76801
2.05751 -6.31091 -3.68167
1.65751 -6.33342 -3.67504
1.40751 -6.30616 -3.68168
1.05751 -6.30598 -3.73693
0.907508 -6.32962 -3.73142
0.657508 -6.36243 -3.67701
0.207505 -6.50844 -3.60891
-0.042495 -6.56589 -3.57725
-0.792494 -6.78512 -3.57367
-1.14249 -6.86294 -3.54324
-1.29249 -6.91693 -3.55035
-1.44249 -6.98523 -3.57369
-1.89249 -7.26085 -3.71908
-2.04249 -7.31771 -3.77144
-2.19249 -7.35322 -3.8197
-2.59249 -7.46946 -4.00461
-2.89249 -7.62105 -4.09024
-3.19249 -7.78007 -4.2006
-3.54251 -7.91741 -4.334
-3.74339 -8.00241 -4.44574
-3.94452 -8.10439 -4.60104
-4.1427 -8.17517 -4.78462
-4.50144 -8.24547 -5.04843
-4.71046 -8.35501 -5.22849
-4.8378 -8.45679 -5.37528
-4.9546 -8.5536 -5.575
-5.07527 -8.62648 -5.825
-5.15294 -8.66966 -6.075
-5.21034 -8.64876 -6.3751
-5.23752 -8.5558 -6.8403
-5.29174 -8.54256 -7.325
-5.2907 -8.54736 -7.525
-5.28787 -8.57232 -7.67499
-5.28433 -8.65189 -7.92062
-5.286 -8.70708 -8.03235
-5.32292 -8.72617 -8.07072
-5.4733 -8.71063 -8.12333
-5.53462 -8.71775 -8.16587
-5.65321 -8.78345 -8.32652
-5.90067 -8.87919 -8.625
-6.03545 -8.96646 -8.82459
-6.10734 -9.03664 -8.92137
-6.19268 -9.12953 -9.00713
-6.33968 -9.28863 -9.09852
-6.4819 -9.44226 -9.15148
-6.65713 -9.64249 -9.14966
-6.78578 -9.84249 -9.1373
-7.03852 -10.3425 -9.20178
-7.20249 -10.6925 -9.32353
-7.29371 -10.9425 -9.44938
-7.35254 -11.1412 -9.61964
-7.42275 -11.3585 -9.87484
-7.48947 -11.5078 -10.125
-7.51907 -11.637 -10.3245
-7.53317 -11.7794 -10.4697
-7.532 -12.0923 -10.7526
-7.50058 -12.2852 -10.9539
-7.46344 -12.4044 -11.1159
-7.34343 -12.6106 -11.4747
-7.21096 -12.8756 -11.823
-7.14867 -12.9544 -11.9747
-7.06678 -13.0141 -12.125
-6.90629 -13.068 -12.425
-6.80463 -13.0834 -12.575
-6.26823 -13.101 -13.1247
-6.17513 -13.1308 -13.2224
-6.10104 -13.1979 -13.3107
-6.03898 -13.3418 -13.4042
-6.01322 -13.4924 -13.4563
-5.98392 -13.7425 -13.5096
-5.95462 -14.3425 -13.7024
-5.93438 -14.5925 -13.7455
-5.88538 -14.9925 -13.8514
-5.86749 -15.3425 -13.925
