27.0065 52.0134 -1.87936
26.9565 52.0134 -1.87936
26.9065 52.0384 -1.87936
26.8565 52.0634 -1.87936
26.8065 52.0634 -1.87936
26.7565 52.0634 -1.87936
26.7065 52.0634 -1.87936
26.6565 52.0634 -1.87936
26.6065 52.0634 -1.87936
26.5565 52.0634 -1.87936
26.5065 52.0634 -1.87936
26.4565 52.0634 -1.87936
26.4065 52.0634 -1.87936
26.3565 52.0634 -1.87936
26.3065 52.0634 -1.87936
26.2565 52.0634 -1.87936
26.2065 52.0634 -1.87936
26.1565 52.0634 -1.87936
26.1065 52.0634 -1.87936
26.0565 52.0634 -1.87936
26.0065 52.0634 -1.87936
25.9565 52.0634 -1.87936
25.9065 52.0634 -1.87936
25.8565 52.0634 -1.87936
25.8065 52.0884 -1.87936
25.7565 52.1134 -1.87936
25.7065 52.1134 -1.87936
25.6565 52.1134 -1.87936
25.6065 52.1134 -1.87936
25.5565 52.1134 -1.87936
25.5065 52.1134 -1.87936
25.4565 52.1134 -1.87936
25.4065 52.1134 -1.87936
25.3565 52.1134 -1.87936
25.3065 52.1134 -1.87936
25.2565 52.1134 -1.87936
25.2065 52.1134 -1.87936
25.1565 52.1134 -1.87936
25.1065 52.1134 -1.87936
25.0565 52.1134 -1.87936
25.0065 52.1134 -1.87936
24.9565 52.1134 -1.87936
24.9065 52.1134 -1.87936
24.8565 52.1134 -1.87936
24.8065 52.1134 -1.87936
24.7565 52.1134 -1.87936
24.7065 52.1134 -1.87936
24.6565 52.1134 -1.87936
24.6065 52.1134 -1.87936
24.5565 52.1134 -1.87936
24.5065 52.0884 -1.87936
24.4565 52.0634 -1.87936
24.4065 52.0634 -1.87936
24.3565 52.0634 -1.87936
24.3065 52.0634 -1.87936
24.2565 52.0634 -1.87936
24.2065 52.0634 -1.87936
24.1565 52.0634 -1.87936
24.1065 52.0634 -1.87936
24.0565 52.0634 -1.87936
24.0065 52.0634 -1.87936
23.9565 52.0634 -1.87936
23.9065 52.0634 -1.87936
23.8565 52.0634 -1.87936
23.8065 52.0634 -1.87936
23.7565 52.0634 -1.87936
23.7065 52.0634 -1.87936
23.6565 52.0634 -1.87936
23.6065 52.0634 -1.87936
23.5565 52.0634 -1.87936
23.5065 52.0634 -1.87936
23.4565 52.0634 -1.87936
23.4065 52.0384 -1.87936
23.3565 52.0134 -1.87936
23.3065 52.0134 -1.87936
23.2565 52.0134 -1.87936
23.2065 52.0134 -1.87936
23.1565 52.0134 -1.87936
23.1065 52.0134 -1.87936
23.0565 52.0134 -1.87936
23.0065 52.0134 -1.87936
22.9565 52.0134 -1.87936
22.9065 52.0134 -1.87936
22.8565 52.0134 -1.87936
22.8065 52.0134 -1.87936
22.7565 51.9884 -1.87936
22.7065 51.9634 -1.87936
22.6565 51.9634 -1.87936
22.6065 51.9634 -1.87936
22.5565 51.9634 -1.87936
22.5065 51.9634 -1.87936
22.4565 51.9634 -1.87936
22.4065 51.9634 -1.87936
22.3565 51.9634 -1.87936
22.3065 51.9634 -1.87936
22.2565 51.9384 -1.87936
22.2065 51.9134 -1.87936
22.1565 51.9134 -1.87936
22.1065 51.9134 -1.87936
22.0565 51.9134 -1.87936
22.0065 51.9134 -1.87936
21.9565 51.9134 -1.87936
21.9065 51.9134 -1.87936
21.8565 51.8884 -1.87936
21.8065 51.8634 -1.87936
21.7565 51.8634 -1.87936
21.7065 51.8634 -1.87936
21.6565 51.8634 -1.87936
21.6065 51.8634 -1.87936
21.5565 51.8634 -1.87936
21.5065 51.8384 -1.87936
21.4565 51.8134 -1.87936
21.4065 51.8134 -1.87936
21.3565 51.8134 -1.87936
21.3065 51.8134 -1.87936
21.2565 51.8134 -1.87936
21.2065 51.8134 -1.87936
21.1565 51.7884 -1.87936
21.1065 51.7634 -1.87936
21.0565 51.7634 -1.87936
21.0065 51.7634 -1.87936
20.9565 51.7634 -1.87936
20.9065 51.7634 -1.87936
20.8565 51.7384 -1.87936
20.8065 51.7134 -1.87936
20.7565 51.7134 -1.87936
20.7065 51.7134 -1.87936
20.6565 51.7134 -1.87936
20.6065 51.7134 -1.87936
20.5565 51.6884 -1.87936
20.5065 51.6634 -1.87936
20.4565 51.6634 -1.87936
20.4065 51.6634 -1.87936
20.3565 51.6634 -1.87936
20.3065 51.6384 -1.87936
20.2565 51.6134 -1.87936
20.2065 51.6134 -1.87936
20.1565 51.6134 -1.87936
20.1065 51.6134 -1.87936
20.0565 51.5884 -1.87936
20.0065 51.5634 -1.87936
19.9565 51.5634 -1.87936
19.9065 51.5634 -1.87936
19.8565 51.5634 -1.87936
19.8065 51.5384 -1.87936
19.7565 51.5134 -1.87936
19.7065 51.5134 -1.87936
19.6565 51.5134 -1.87936
19.6065 51.4884 -1.87936
19.5565 51.4634 -1.87936
19.5065 51.4634 -1.87936
19.4565 51.4634 -1.87936
19.4065 51.4634 -1.87936
19.3565 51.4384 -1.87936
19.3065 51.4134 -1.87936
19.2565 51.4134 -1.87936
19.2065 51.4134 -1.87936
19.1565 51.3884 -1.87936
19.1065 51.3634 -1.87936
19.0565 51.3634 -1.87936
19.0065 51.3634 -1.87936
18.9565 51.3384 -1.87936
18.9065 51.3134 -1.87936
18.8565 51.3134 -1.87936
18.8065 51.3134 -1.87936
18.7565 51.2884 -1.87936
18.7065 51.2634 -1.87936
18.6565 51.2634 -1.87936
18.6065 51.2634 -1.87936
18.5565 51.2384 -1.87936
18.5065 51.2134 -1.87936
18.4565 51.2134 -1.87936
18.4065 51.2134 -1.87936
18.3565 51.1884 -1.87936
18.3065 51.1634 -1.87936
18.2565 51.1634 -1.87936
18.2065 51.1384 -1.87936
18.1565 51.1134 -1.87936
18.1065 51.1134 -1.87936
18.0565 51.1134 -1.87936
18.0065 51.0884 -1.87936
17.9565 51.0634 -1.87936
17.9065 51.0634 -1.87936
17.8565 51.0384 -1.87936
17.8065 51.0134 -1.87936
17.7565 51.0134 -1.87936
17.7065 51.0134 -1.87936
17.6565 50.9884 -1.87936
17.6065 50.9634 -1.87936
17.5565 50.9634 -1.87936
17.5065 50.9384 -1.87936
17.4565 50.9134 -1.87936
17.4065 50.9134 -1.87936
17.3565 50.8884 -1.87936
17.3065 50.8634 -1.87936
17.2565 50.8634 -1.87936
17.2065 50.8634 -1.87936
17.1565 50.8384 -1.87936
17.1065 50.8134 -1.87936
17.0565 50.8134 -1.87936
17.0065 50.7884 -1.87936
16.9565 50.7634 -1.87936
16.9065 50.7634 -1.87936
16.8565 50.7384 -1.87936
16.8065 50.7134 -1.87936
16.7565 50.6884 -1.87936
16.7065 50.6634 -1.87936
16.6565 50.6634 -1.87936
16.6065 50.6384 -1.87936
16.5565 50.6134 -1.87936
16.5065 50.6134 -1.87936
16.4565 50.5884 -1.87936
16.4065 50.5634 -1.87936
16.3565 50.5634 -1.87936
16.3065 50.5384 -1.87936
16.2565 50.5134 -1.87936
16.2065 50.5134 -1.87936
16.1565 50.4884 -1.87936
16.1065 50.4634 -1.87936
16.0565 50.4384 -1.87936
16.0065 50.4134 -1.87936
15.9565 50.4134 -1.87936
15.9065 50.3884 -1.87936
15.8565 50.3634 -1.87936
15.8065 50.3384 -1.87936
15.7565 50.3134 -1.87936
15.7065 50.3134 -1.87936
15.6565 50.2884 -1.87936
15.6065 50.2634 -1.87936
15.5565 50.2384 -1.87936
15.5065 50.2134 -1.87936
15.4565 50.2134 -1.87936
15.4065 50.1884 -1.87936
15.3565 50.1634 -1.87936
15.3065 50.1384 -1.87936
15.2565 50.1133 -1.87936
15.2065 50.1133 -1.87936
15.1565 50.0884 -1.87936
15.1065 50.0634 -1.87936
15.0565 50.0384 -1.87936
15.0065 50.0134 -1.87936
14.9565 49.9884 -1.87936
14.9065 49.9634 -1.87936
14.8565 49.9384 -1.87936
14.8065 49.9134 -1.87936
14.7565 49.9134 -1.87936
14.7065 49.8884 -1.87936
14.6565 49.8633 -1.87936
14.6065 49.8384 -1.87936
14.5565 49.8134 -1.87936
14.5065 49.7884 -1.87936
14.4565 49.7634 -1.87936
14.4065 49.7384 -1.87936
14.3565 49.7134 -1.87936
14.3065 49.6884 -1.87936
14.2565 49.6634 -1.87936
14.2065 49.6634 -1.87936
14.1565 49.6384 -1.87936
14.1065 49.6133 -1.87936
14.0565 49.5884 -1.87936
14.0065 49.5634 -1.87936
13.9565 49.5384 -1.87936
13.9065 49.5134 -1.87936
13.8565 49.4884 -1.87936
13.8065 49.4634 -1.87936
13.7565 49.4384 -1.87936
13.7065 49.4134 -1.87936
13.6565 49.3884 -1.87936
13.6065 49.3633 -1.87936
13.5565 49.3384 -1.87936
13.5065 49.3134 -1.87936
13.4565 49.2884 -1.87936
13.4065 49.2634 -1.87936
13.3565 49.2384 -1.87936
13.3065 49.1884 -1.87936
13.2565 49.1634 -1.87936
13.2065 49.1384 -1.87936
13.1565 49.1134 -1.87936
13.1065 49.0884 -1.87936
13.0565 49.0634 -1.87936
13.0065 49.0384 -1.87936
12.9565 49.0134 -1.87936
12.9065 48.9884 -1.87936
12.8565 48.9634 -1.87936
12.8065 48.9384 -1.87936
12.7565 48.8884 -1.87936
12.7065 48.8634 -1.87936
12.6565 48.8384 -1.87936
12.6065 48.8134 -1.87936
12.5565 48.7884 -1.87936
12.5065 48.7634 -1.87936
12.4565 48.7384 -1.87936
12.4065 48.7134 -1.87936
12.3565 48.6884 -1.87936
12.3065 48.6384 -1.87936
12.2565 48.6134 -1.87936
12.2065 48.5884 -1.87936
12.1565 48.5634 -1.87936
12.1065 48.5384 -1.87936
12.0565 48.4884 -1.87936
12.0065 48.4634 -1.87936
11.9565 48.4384 -1.87936
11.9065 48.4134 -1.87936
11.8565 48.3884 -1.87936
11.8065 48.3384 -1.87936
11.7565 48.3134 -1.87936
11.7065 48.2884 -1.87936
11.6565 48.2384 -1.87936
11.6065 48.2134 -1.87936
11.5565 48.1884 -1.87936
11.5065 48.1634 -1.87936
11.4565 48.1384 -1.87936
11.4065 48.0884 -1.87936
11.3565 48.0634 -1.87936
11.3065 48.0384 -1.87936
11.2565 47.9884 -1.87936
11.2065 47.9634 -1.87936
11.1565 47.9384 -1.87936
11.1065 47.8884 -1.87936
11.0565 47.8634 -1.87936
11.0065 47.8384 -1.87936
10.9565 47.7884 -1.87936
10.9065 47.7634 -1.87936
10.8565 47.7384 -1.87936
10.8065 47.6884 -1.87936
10.7565 47.6634 -1.87936
10.7065 47.6384 -1.87936
10.6565 47.5884 -1.87936
10.6065 47.5634 -1.87936
10.5565 47.5384 -1.87936
10.5065 47.4884 -1.87936
10.4565 47.4634 -1.87936
10.4065 47.4384 -1.87936
10.3565 47.3884 -1.87936
10.3065 47.3384 -1.87936
10.2565 47.3134 -1.87936
10.2065 47.2884 -1.87936
10.1565 47.2384 -1.87936
10.1065 47.2134 -1.87936
10.0565 47.1884 -1.87936
10.0065 47.1384 -1.87936
9.95651 47.0884 -1.87936
9.90651 47.0634 -1.87936
9.85651 47.0384 -1.87936
9.80651 46.9884 -1.87936
9.75651 46.9384 -1.87936
9.70651 46.9134 -1.87936
9.65651 46.8884 -1.87936
9.60651 46.8384 -1.87936
9.55651 46.7884 -1.87936
9.50651 46.7634 -1.87936
9.45651 46.7384 -1.87936
9.40651 46.6884 -1.87936
9.35651 46.6384 -1.87936
9.30651 46.5884 -1.87936
9.25651 46.5634 -1.87936
9.20651 46.5384 -1.87936
9.15651 46.4884 -1.87936
9.10651 46.4384 -1.87936
9.05651 46.3884 -1.87936
9.00651 46.3634 -1.87936
8.95651 46.3384 -1.87936
8.90651 46.2884 -1.87936
8.85651 46.2384 -1.87936
8.80651 46.1884 -1.87936
8.75651 46.1384 -1.87936
8.70651 46.1134 -1.87936
8.65651 46.0884 -1.87936
8.60651 46.0384 -1.87936
8.55651 45.9884 -1.87936
8.50651 45.9384 -1.87936
8.45651 45.8884 -1.87936
8.40651 45.8634 -1.87936
8.35651 45.8384 -1.87936
8.30651 45.7884 -1.87936
8.25651 45.7384 -1.87936
8.20651 45.6884 -1.87936
8.15651 45.6384 -1.87936
8.10651 45.5884 -1.87936
8.05651 45.5384 -1.87936
8.00651 45.4884 -1.87936
7.93151 45.4634 -1.87936
7.88151 45.4134 -1.87936
7.83151 45.3633 -1.87936
7.78151 45.3134 -1.87936
7.73151 45.2634 -1.87936
7.68151 45.2134 -1.87936
7.63151 45.1634 -1.87936
7.58151 45.1134 -1.87936
7.53151 45.0634 -1.87936
7.48151 45.0134 -1.87936
7.43151 44.9634 -1.87936
7.38151 44.9134 -1.87936
7.33151 44.8634 -1.87936
7.28151 44.8134 -1.87936
7.23151 44.7634 -1.87936
7.18151 44.7134 -1.87936
7.13151 44.6634 -1.87936
7.08151 44.6134 -1.87936
7.03151 44.5634 -1.87936
6.98151 44.5134 -1.87936
6.93151 44.4634 -1.87936
6.88151 44.4134 -1.87936
6.83151 44.3634 -1.87936
6.78151 44.3134 -1.87936
6.73151 44.2634 -1.87936
6.68151 44.2134 -1.87936
6.63151 44.1634 -1.87936
6.58151 44.1134 -1.87936
6.53151 44.0634 -1.87936
6.48151 44.0134 -1.87936
6.43151 43.9634 -1.87936
6.38151 43.9134 -1.87936
6.33151 43.8634 -1.87936
6.28151 43.8134 -1.87936
6.23151 43.7634 -1.87936
6.18151 43.7134 -1.87936
6.15651 43.6634 -1.87936
6.13151 43.6134 -1.87936
6.08151 43.5634 -1.87936
6.03151 43.5134 -1.87936
5.98151 43.4634 -1.87936
5.93151 43.4134 -1.87936
5.88151 43.3634 -1.87936
5.83151 43.3134 -1.87936
5.78151 43.2634 -1.87936
5.75651 43.2134 -1.87936
5.73151 43.1634 -1.87936
5.68151 43.1134 -1.87936
5.63151 43.0634 -1.87936
5.58151 43.0134 -1.87936
5.53151 42.9634 -1.87936
5.50651 42.9134 -1.87936
5.48151 42.8634 -1.87936
5.43151 42.8134 -1.87936
5.38151 42.7634 -1.87936
5.33151 42.7134 -1.87936
5.28151 42.6634 -1.87936
5.25651 42.6134 -1.87936
5.23151 42.5634 -1.87936
5.18151 42.5134 -1.87936
5.13151 42.4634 -1.87936
5.08151 42.4134 -1.87936
5.05651 42.3634 -1.87936
5.03151 42.3134 -1.87936
4.98151 42.2634 -1.87936
4.93151 42.2134 -1.87936
4.88151 42.1634 -1.87936
4.85651 42.1134 -1.87936
4.83151 42.0634 -1.87936
4.78151 42.0134 -1.87936
4.73151 41.9634 -1.87936
4.70651 41.9134 -1.87936
4.68151 41.8634 -1.87936
4.63151 41.8134 -1.87936
4.58151 41.7634 -1.87936
4.55651 41.7134 -1.87936
4.53151 41.6634 -1.87936
4.48151 41.6134 -1.87936
4.45651 41.5634 -1.87936
4.43151 41.5134 -1.87936
4.38151 41.4634 -1.87936
4.33151 41.4134 -1.87936
4.30651 41.3633 -1.87936
4.28151 41.3134 -1.87936
4.23151 41.2634 -1.87936
4.20651 41.2134 -1.87936
4.18151 41.1634 -1.87936
4.13151 41.1134 -1.87936
4.08151 41.0634 -1.87936
4.05651 41.0134 -1.87936
4.03151 40.9634 -1.87936
3.98151 40.9134 -1.87936
3.95651 40.8634 -1.87936
3.93151 40.8134 -1.87936
3.88151 40.7634 -1.87936
3.85651 40.7134 -1.87936
3.83151 40.6634 -1.87936
3.78151 40.6134 -1.87936
3.75651 40.5634 -1.87936
3.73151 40.5134 -1.87936
3.68151 40.4634 -1.87936
3.65651 40.4134 -1.87936
3.63151 40.3634 -1.87936
3.58151 40.3134 -1.87936
3.55651 40.2634 -1.87936
3.53151 40.2134 -1.87936
3.48151 40.1634 -1.87936
3.45651 40.1134 -1.87936
3.43151 40.0634 -1.87936
3.38151 40.0134 -1.87936
3.35651 39.9634 -1.87936
3.33151 39.9134 -1.87936
3.30651 39.8634 -1.87936
3.28151 39.8134 -1.87936
3.23151 39.7634 -1.87936
3.20651 39.7134 -1.87936
3.18151 39.6634 -1.87936
3.13151 39.6134 -1.87936
3.10651 39.5634 -1.87936
3.08151 39.5134 -1.87936
3.05651 39.4634 -1.87936
3.03151 39.4134 -1.87936
2.98151 39.3634 -1.87936
2.95651 39.3134 -1.87936
2.93151 39.2634 -1.87936
2.88151 39.2134 -1.87936
2.85651 39.1634 -1.87936
2.83151 39.1134 -1.87936
2.80651 39.0634 -1.87936
2.78151 39.0134 -1.87936
2.75651 38.9634 -1.87936
2.73151 38.9134 -1.87936
2.68151 38.8634 -1.87936
2.65651 38.8134 -1.87936
2.63151 38.7634 -1.87936
2.60651 38.7134 -1.87936
2.58151 38.6634 -1.87936
2.55651 38.6134 -1.87936
2.53151 38.5634 -1.87936
2.48151 38.5134 -1.87936
2.45651 38.4634 -1.87936
2.43151 38.4134 -1.87936
2.40651 38.3634 -1.87936
2.38151 38.3134 -1.87936
2.35651 38.2634 -1.87936
2.33151 38.2134 -1.87936
2.30651 38.1634 -1.87936
2.28151 38.1134 -1.87936
2.25651 38.0634 -1.87936
2.23151 38.0134 -1.87936
2.20651 37.9634 -1.87936
2.18151 37.9134 -1.87936
2.15651 37.8634 -1.87936
2.13151 37.8134 -1.87936
2.08151 37.7634 -1.87936
2.05651 37.7134 -1.87936
2.03151 37.6634 -1.87936
2.00651 37.6134 -1.87936
1.98151 37.5634 -1.87936
1.95651 37.5134 -1.87936
1.95651 37.4634 -1.87936
1.93151 37.4134 -1.87936
1.90651 37.3633 -1.87936
1.88151 37.3134 -1.87936
1.85651 37.2634 -1.87936
1.83151 37.2134 -1.87936
1.80651 37.1634 -1.87936
1.78151 37.1134 -1.87936
1.75651 37.0634 -1.87936
1.73151 37.0134 -1.87936
1.70651 36.9634 -1.87936
1.68151 36.9134 -1.87936
1.65651 36.8634 -1.87936
1.63151 36.8134 -1.87936
1.60651 36.7634 -1.87936
1.60651 36.7134 -1.87936
1.58151 36.6634 -1.87936
1.55651 36.6134 -1.87936
1.53151 36.5634 -1.87936
1.50651 36.5134 -1.87936
1.48151 36.4634 -1.87936
1.45651 36.4134 -1.87936
1.45651 36.3634 -1.87936
1.43151 36.3134 -1.87936
1.40651 36.2634 -1.87936
1.38151 36.2134 -1.87936
1.35651 36.1634 -1.87936
1.33151 36.1134 -1.87936
1.30651 36.0634 -1.87936
1.30651 36.0134 -1.87936
1.28151 35.9634 -1.87936
1.25651 35.9134 -1.87936
1.23151 35.8634 -1.87936
1.20651 35.8134 -1.87936
1.20651 35.7634 -1.87936
1.18151 35.7134 -1.87936
1.15651 35.6634 -1.87936
1.13151 35.6134 -1.87936
1.10651 35.5634 -1.87936
1.10651 35.5134 -1.87936
1.08151 35.4634 -1.87936
1.05651 35.4134 -1.87936
1.05651 35.3634 -1.87936
1.03151 35.3134 -1.87936
1.00651 35.2634 -1.87936
0.98151 35.2134 -1.87936
0.95651 35.1634 -1.87936
0.95651 35.1134 -1.87936
0.93151 35.0634 -1.87936
0.90651 35.0134 -1.87936
0.90651 34.9634 -1.87936
0.88151 34.9134 -1.87936
0.85651 34.8634 -1.87936
0.85651 34.8134 -1.87936
0.83151 34.7634 -1.87936
0.80651 34.7134 -1.87936
0.80651 34.6634 -1.87936
0.78151 34.6134 -1.87936
0.75651 34.5634 -1.87936
0.75651 34.5134 -1.87936
0.73151 34.4634 -1.87936
0.70651 34.4134 -1.87936
0.70651 34.3634 -1.87936
0.68151 34.3134 -1.87936
0.65651 34.2634 -1.87936
0.65651 34.2134 -1.87936
0.63151 34.1634 -1.87936
0.60651 34.1134 -1.87936
0.60651 34.0634 -1.87936
0.58151 34.0134 -1.87936
0.55651 33.9634 -1.87936
0.55651 33.9134 -1.87936
0.53151 33.8634 -1.87936
0.50651 33.8134 -1.87936
0.50651 33.7634 -1.87936
0.48151 33.7134 -1.87936
0.45651 33.6634 -1.87936
0.45651 33.6134 -1.87936
0.45651 33.5634 -1.87936
0.43151 33.5134 -1.87936
0.40651 33.4634 -1.87936
0.40651 33.4134 -1.87936
0.38151 33.3633 -1.87936
0.35651 33.3134 -1.87936
0.35651 33.2634 -1.87936
0.35651 33.2134 -1.87936
0.33151 33.1634 -1.87936
0.30651 33.1134 -1.87936
0.30651 33.0634 -1.87936
0.30651 33.0134 -1.87936
0.28151 32.9634 -1.87936
0.25651 32.9134 -1.87936
0.25651 32.8634 -1.87936
0.23151 32.8134 -1.87936
0.20651 32.7634 -1.87936
0.20651 32.7134 -1.87936
0.20651 32.6634 -1.87936
0.18151 32.6134 -1.87936
0.15651 32.5634 -1.87936
0.15651 32.5134 -1.87936
0.15651 32.4634 -1.87936
0.13151 32.4134 -1.87936
0.10651 32.3634 -1.87936
0.10651 32.3134 -1.87936
0.10651 32.2634 -1.87936
0.0815096 32.2134 -1.87936
0.0565096 32.1634 -1.87936
0.0565096 32.1134 -1.87936
0.0565096 32.0634 -1.87936
0.0565096 32.0134 -1.87936
0.0315096 31.9634 -1.87936
0.00650956 31.9134 -1.87936
0.00650956 31.8634 -1.87936
0.00650956 31.8134 -1.87936
-0.0184904 31.7634 -1.87936
-0.0434904 31.7134 -1.87936
-0.0434904 31.6634 -1.87936
-0.0434904 31.6134 -1.87936
-0.0434904 31.5634 -1.87936
-0.0684904 31.5134 -1.87936
-0.0934904 31.4634 -1.87936
-0.0934904 31.4134 -1.87936
-0.0934904 31.3634 -1.87936
-0.0934904 31.3134 -1.87936
-0.11849 31.2634 -1.87936
-0.14349 31.2134 -1.87936
-0.14349 31.1634 -1.87936
-0.14349 31.1134 -1.87936
-0.14349 31.0634 -1.87936
-0.16849 31.0134 -1.87936
-0.19349 30.9634 -1.87936
-0.19349 30.9134 -1.87936
-0.19349 30.8634 -1.87936
-0.19349 30.8134 -1.87936
-0.21849 30.7634 -1.87936
-0.24349 30.7134 -1.87936
-0.24349 30.6634 -1.87936
-0.24349 30.6134 -1.87936
-0.24349 30.5634 -1.87936
-0.24349 30.5134 -1.87936
-0.26849 30.4634 -1.87936
-0.29349 30.4134 -1.87936
-0.29349 30.3634 -1.87936
-0.29349 30.3134 -1.87936
-0.29349 30.2634 -1.87936
-0.29349 30.2134 -1.87936
-0.31849 30.1634 -1.87936
-0.34349 30.1134 -1.87936
-0.34349 30.0634 -1.87936
-0.34349 30.0134 -1.87936
-0.34349 29.9634 -1.87936
-0.34349 29.9134 -1.87936
-0.34349 29.8634 -1.87936
-0.36849 29.8134 -1.87936
-0.39349 29.7634 -1.87936
-0.39349 29.7134 -1.87936
-0.39349 29.6634 -1.87936
-0.39349 29.6134 -1.87936
-0.39349 29.5634 -1.87936
-0.39349 29.5134 -1.87936
-0.418491 29.4634 -1.87936
-0.443491 29.4134 -1.87936
-0.443491 29.3634 -1.87936
-0.443491 29.3134 -1.87936
-0.443491 29.2634 -1.87936
-0.443491 29.2134 -1.87936
-0.443491 29.1634 -1.87936
-0.443491 29.1134 -1.87936
-0.443491 29.0634 -1.87936
-0.468491 29.0134 -1.87936
-0.493491 28.9634 -1.87936
-0.493491 28.9134 -1.87936
-0.493491 28.8634 -1.87936
-0.493491 28.8134 -1.87936
-0.493491 28.7634 -1.87936
-0.493491 28.7134 -1.87936
-0.493491 28.6634 -1.87936
-0.493491 28.6134 -1.87936
-0.493491 28.5634 -1.87936
-0.518491 28.5134 -1.87936
-0.543491 28.4634 -1.87936
-0.543491 28.4134 -1.87936
-0.543491 28.3634 -1.87936
-0.543491 28.3134 -1.87936
-0.543491 28.2634 -1.87936
-0.543491 28.2134 -1.87936
-0.543491 28.1634 -1.87936
-0.543491 28.1134 -1.87936
-0.543491 28.0634 -1.87936
-0.543491 28.0134 -1.87936
-0.543491 27.9634 -1.87936
-0.543491 27.9134 -1.87936
-0.568491 27.8634 -1.87936
-0.593491 27.8134 -1.87936
-0.593491 27.7634 -1.87936
-0.593491 27.7134 -1.87936
-0.593491 27.6634 -1.87936
-0.593491 27.6134 -1.87936
-0.593491 27.5634 -1.87936
-0.593491 27.5134 -1.87936
-0.593491 27.4634 -1.87936
-0.593491 27.4134 -1.87936
-0.593491 27.3634 -1.87936
-0.593491 27.3134 -1.87936
-0.593491 27.2634 -1.87936
-0.593491 27.2134 -1.87936
-0.593491 27.1634 -1.87936
-0.593491 27.1134 -1.87936
-0.593491 27.0634 -1.87936
-0.593491 27.0134 -1.87936
-0.593491 26.9634 -1.87936
-0.593491 26.9134 -1.87936
-0.593491 26.8634 -1.87936
-0.593491 26.8134 -1.87936
-0.593491 26.7634 -1.87936
-0.593491 26.7134 -1.87936
-0.593491 26.6634 -1.87936
-0.593491 26.6134 -1.87936
-0.593491 26.5634 -1.87936
-0.593491 26.5134 -1.87936
-0.593491 26.4634 -1.87936
-0.593491 26.4134 -1.87936
-0.593491 26.3634 -1.87936
-0.593491 26.3134 -1.87936
-0.593491 26.2634 -1.87936
-0.593491 26.2134 -1.87936
-0.593491 26.1634 -1.87936
-0.593491 26.1134 -1.87936
-0.593491 26.0634 -1.87936
-0.593491 26.0134 -1.87936
-0.593491 25.9634 -1.87936
-0.593491 25.9134 -1.87936
-0.593491 25.8634 -1.87936
-0.593491 25.8134 -1.87936
-0.593491 25.7634 -1.87936
-0.593491 25.7134 -1.87936
-0.593491 25.6634 -1.87936
-0.593491 25.6134 -1.87936
-0.593491 25.5634 -1.87936
-0.593491 25.5134 -1.87936
-0.593491 25.4634 -1.87936
-0.593491 25.4134 -1.87936
-0.593491 25.3634 -1.87936
-0.593491 25.3134 -1.87936
-0.593491 25.2634 -1.87936
-0.593491 25.2134 -1.87936
-0.593491 25.1634 -1.87936
-0.593491 25.1134 -1.87936
-0.593491 25.0634 -1.87936
-0.593491 25.0134 -1.87936
-0.593491 24.9634 -1.87936
-0.593491 24.9134 -1.87936
-0.593491 24.8634 -1.87936
-0.593491 24.8134 -1.87936
-0.593491 24.7634 -1.87936
-0.568491 24.7134 -1.87936
-0.543491 24.6634 -1.87936
-0.543491 24.6134 -1.87936
-0.543491 24.5634 -1.87936
-0.543491 24.5134 -1.87936
-0.543491 24.4634 -1.87936
-0.543491 24.4134 -1.87936
-0.543491 24.3634 -1.87936
-0.543491 24.3134 -1.87936
-0.543491 24.2634 -1.87936
-0.543491 24.2134 -1.87936
-0.543491 24.1634 -1.87936
-0.543491 24.1134 -1.87936
-0.518491 24.0634 -1.87936
-0.493491 24.0134 -1.87936
-0.493491 23.9634 -1.87936
-0.493491 23.9134 -1.87936
-0.493491 23.8634 -1.87936
-0.493491 23.8134 -1.87936
-0.493491 23.7634 -1.87936
-0.493491 23.7134 -1.87936
-0.493491 23.6634 -1.87936
-0.493491 23.6134 -1.87936
-0.468491 23.5634 -1.87936
