2090
-0.443491 23.4634
-0.443491 23.3634
-0.443491 23.3134
-0.443491 23.2634
-0.443491 23.2134
-0.443491 23.1634
-0.418491 23.1134
-0.39349 23.0634
-0.39349 23.0134
-0.39349 22.9634
-0.39349 22.9134
-0.39349 22.8634
-0.39349 22.8134
-0.36849 22.7634
-0.34349 22.7134
-0.34349 22.6634
-0.34349 22.6134
-0.34349 22.5634
-0.34349 22.5134
-0.34349 22.4634
-0.31849 22.4134
-0.29349 22.3634
-0.29349 22.3134
-0.29349 22.2634
-0.29349 22.2134
-0.29349 22.1634
-0.26849 22.1134
-0.24349 22.0634
-0.24349 22.0134
-0.24349 21.9634
-0.24349 21.9134
-0.24349 21.8634
-0.21849 21.8134
-0.19349 21.7634
-0.19349 21.7134
-0.19349 21.6634
-0.19349 21.6134
-0.16849 21.5634
-0.14349 21.5134
-0.14349 21.4634
-0.14349 21.4134
-0.14349 21.3634
-0.11849 21.3134
-0.0934904 21.2634
-0.0934904 21.2134
-0.0934904 21.1634
-0.0934904 21.1134
-0.0684904 21.0634
-0.0434904 21.0134
-0.0434904 20.9634
-0.0434904 20.9134
-0.0434904 20.8634
-0.0184904 20.8134
0.00650956 20.7634
0.00650956 20.7134
0.00650956 20.6634
0.0315096 20.6134
0.0565096 20.5634
0.0565096 20.5134
0.0565096 20.4634
0.0815096 20.4134
0.10651 20.3634
0.10651 20.3134
0.10651 20.2634
0.13151 20.2134
0.15651 20.1634
0.15651 20.1134
0.15651 20.0634
0.18151 20.0134
0.20651 19.9634
0.20651 19.9134
0.20651 19.8634
0.23151 19.8134
0.25651 19.7634
0.25651 19.7134
0.25651 19.6634
0.28151 19.6134
0.30651 19.5634
0.30651 19.5134
0.30651 19.4634
0.33151 19.4134
0.35651 19.3634
0.35651 19.3134
0.35651 19.2634
0.38151 19.2134
0.40651 19.1634
0.40651 19.1134
0.43151 19.0634
0.45651 19.0134
0.45651 18.9634
0.48151 18.9134
0.50651 18.8634
0.50651 18.8134
0.50651 18.7634
0.53151 18.7134
0.55651 18.6634
0.55651 18.6134
0.58151 18.5634
0.60651 18.5134
0.60651 18.4634
0.63151 18.4134
0.65651 18.3634
0.65651 18.3134
0.68151 18.2634
0.70651 18.2134
0.70651 18.1634
0.73151 18.1134
0.75651 18.0634
0.75651 18.0134
0.78151 17.9634
0.80651 17.9134
0.80651 17.8634
0.83151 17.8134
0.85651 17.7634
0.85651 17.7134
0.88151 17.6634
0.90651 17.6134
0.90651 17.5634
0.93151 17.5134
0.95651 17.4634
0.98151 17.4134
1.00651 17.3634
1.00651 17.3134
1.03151 17.2634
1.05651 17.2134
1.05651 17.1634
1.08151 17.1134
1.10651 17.0634
1.13151 17.0134
1.15651 16.9634
1.15651 16.9134
1.18151 16.8634
1.20651 16.8134
1.20651 16.7634
1.23151 16.7134
1.25651 16.6634
1.28151 16.6134
1.30651 16.5634
1.33151 16.5134
1.35651 16.4634
1.35651 16.4134
1.38151 16.3634
1.40651 16.3134
1.43151 16.2634
1.45651 16.2134
1.45651 16.1634
1.48151 16.1134
1.50651 16.0634
1.53151 16.0134
1.55651 15.9634
1.58151 15.9134
1.60651 15.8634
1.63151 15.8134
1.65651 15.7634
1.65651 15.7134
1.68151 15.6634
1.70651 15.6134
1.73151 15.5634
1.75651 15.5134
1.78151 15.4634
1.80651 15.4134
1.83151 15.3634
1.85651 15.3134
1.88151 15.2634
1.90651 15.2134
1.93151 15.1634
1.95651 15.1134
1.98151 15.0634
2.00651 15.0134
2.03151 14.9634
2.05651 14.9134
2.08151 14.8634
2.10651 14.8134
2.13151 14.7634
2.15651 14.7134
2.18151 14.6634
2.20651 14.6134
2.23151 14.5634
2.25651 14.5134
2.28151 14.4634
2.30651 14.4134
2.33151 14.3634
2.35651 14.3134
2.38151 14.2634
2.40651 14.2134
2.43151 14.1634
2.48151 14.1134
2.50651 14.0634
2.53151 14.0134
2.55651 13.9634
2.58151 13.9134
2.60651 13.8634
2.63151 13.8134
2.65651 13.7634
2.68151 13.7134
2.73151 13.6634
2.75651 13.6134
2.78151 13.5634
2.80651 13.5134
2.83151 13.4634
2.88151 13.4134
2.90651 13.3634
2.93151 13.3134
2.95651 13.2634
2.98151 13.2134
3.03151 13.1634
3.05651 13.1134
3.08151 13.0634
3.10651 13.0134
3.13151 12.9634
3.18151 12.9134
3.20651 12.8634
3.23151 12.8134
3.28151 12.7634
3.30651 12.7134
3.33151 12.6634
3.38151 12.6134
3.40651 12.5634
3.43151 12.5134
3.45651 12.4634
3.48151 12.4134
3.53151 12.3634
3.55651 12.3134
3.58151 12.2634
3.63151 12.2134
3.65651 12.1634
3.68151 12.1134
3.73151 12.0634
3.75651 12.0134
3.78151 11.9634
3.83151 11.9134
3.85651 11.8634
3.88151 11.8134
3.93151 11.7634
3.95651 11.7134
3.98151 11.6634
4.03151 11.6134
4.08151 11.5634
4.10651 11.5134
4.13151 11.4634
4.18151 11.4134
4.20651 11.3634
4.23151 11.3134
4.28151 11.2634
4.30651 11.2134
4.33151 11.1634
4.38151 11.1134
4.43151 11.0634
4.45651 11.0134
4.48151 10.9634
4.53151 10.9134
4.58151 10.8634
4.60651 10.8134
4.63151 10.7634
4.68151 10.7134
4.73151 10.6634
4.75651 10.6134
4.78151 10.5634
4.83151 10.5134
4.88151 10.4634
4.90651 10.4134
4.93151 10.3634
4.98151 10.3134
5.03151 10.2634
5.08151 10.2134
5.10651 10.1634
5.13151 10.1134
5.18151 10.0634
5.23151 10.0134
5.28151 9.96336
5.30651 9.91336
5.33151 9.86336
5.38151 9.81336
5.43151 9.76336
5.48151 9.71336
5.50651 9.66336
5.53151 9.61336
5.58151 9.56336
5.63151 9.51336
5.68151 9.46336
5.73151 9.41336
5.78151 9.36336
5.80651 9.31336
5.83151 9.26336
5.88151 9.21336
5.93151 9.16336
5.98151 9.11336
6.03151 9.06336
6.08151 9.01336
6.13151 8.96336
6.18151 8.91336
6.20651 8.86336
6.23151 8.81336
6.28151 8.76336
6.33151 8.71336
6.38151 8.66336
6.43151 8.61336
6.48151 8.56336
6.53151 8.51336
6.58151 8.46336
6.63151 8.41336
6.68151 8.36336
6.73151 8.31336
6.78151 8.26336
6.83151 8.21336
6.88151 8.16336
6.93151 8.11336
6.98151 8.06336
7.03151 8.01336
7.08151 7.96336
7.13151 7.91336
7.18151 7.86336
7.23151 7.81336
7.28151 7.76336
7.33151 7.71336
7.38151 7.66336
7.43151 7.61336
7.48151 7.56336
7.53151 7.51336
7.58151 7.46336
7.63151 7.41336
7.68151 7.36336
7.73151 7.31336
7.78151 7.26336
7.83151 7.21336
7.88151 7.16336
7.95651 7.13836
8.00651 7.08836
8.05651 7.03836
8.10651 6.98836
8.15651 6.93836
8.20651 6.88836
8.25651 6.83836
8.30651 6.78836
8.35651 6.76336
8.40651 6.73836
8.45651 6.68836
8.50651 6.63836
8.55651 6.58836
8.60651 6.53836
8.65651 6.48836
8.70651 6.46336
8.75651 6.43836
8.80651 6.38836
8.85651 6.33836
8.90651 6.28836
8.95651 6.26336
9.00651 6.23836
9.05651 6.18836
9.10651 6.13836
9.15651 6.08836
9.20651 6.06336
9.25651 6.03836
9.30651 5.98836
9.35651 5.93836
9.40651 5.88836
9.45651 5.86336
9.50651 5.83836
9.55651 5.78836
9.60651 5.73836
9.65651 5.71336
9.70651 5.68836
9.75651 5.63836
9.80651 5.58836
9.85651 5.56336
9.90651 5.53836
9.95651 5.48836
10.0065 5.43836
10.0565 5.41336
10.1065 5.38836
10.1565 5.33836
10.2065 5.28836
10.2565 5.26336
10.3065 5.23836
10.3565 5.18836
10.4065 5.16336
10.4565 5.13836
10.5065 5.08836
10.5565 5.06336
10.6065 5.03836
10.6565 4.98836
10.7065 4.93836
10.7565 4.91336
10.8065 4.88836
10.8565 4.83836
10.9065 4.81336
10.9565 4.78836
11.0065 4.73836
11.0565 4.71336
11.1065 4.68836
11.1565 4.63836
11.2065 4.61336
11.2565 4.58836
11.3065 4.56336
11.3565 4.53836
11.4065 4.48836
11.4565 4.46336
11.5065 4.43836
11.5565 4.38836
11.6065 4.36336
11.6565 4.33836
11.7065 4.28836
11.7565 4.26336
11.8065 4.23836
11.8565 4.21336
11.9065 4.18836
11.9565 4.13836
12.0065 4.11336
12.0565 4.08836
12.1065 4.06336
12.1565 4.03836
12.2065 3.98836
12.2565 3.96336
12.3065 3.93836
12.3565 3.91336
12.4065 3.88836
12.4565 3.83836
12.5065 3.81336
12.5565 3.78836
12.6065 3.76336
12.6565 3.73836
12.7065 3.71336
12.7565 3.68836
12.8065 3.66336
12.8565 3.63836
12.9065 3.58836
12.9565 3.56336
13.0065 3.53836
13.0565 3.51336
13.1065 3.48836
13.1565 3.46336
13.2065 3.43836
13.2565 3.41336
13.3065 3.38836
13.3565 3.36336
13.4065 3.33836
13.4565 3.31336
13.5065 3.28836
13.5565 3.26336
13.6065 3.23836
13.6565 3.21336
13.7065 3.18836
13.7565 3.16336
13.8065 3.13836
13.8565 3.11336
13.9065 3.08836
13.9565 3.06336
14.0065 3.03836
14.0565 3.01336
14.1065 2.98836
14.1565 2.96336
14.2065 2.93836
14.2565 2.91336
14.3065 2.88836
14.3565 2.86336
14.4065 2.83836
14.4565 2.81336
14.5065 2.78836
14.5565 2.76336
14.6065 2.73836
14.6565 2.71336
14.7065 2.71336
14.7565 2.68836
14.8065 2.66336
14.8565 2.63836
14.9065 2.61336
14.9565 2.58836
15.0065 2.56336
15.0565 2.53836
15.1065 2.51336
15.1565 2.51336
15.2065 2.48836
15.2565 2.46336
15.3065 2.43836
15.3565 2.41336
15.4065 2.41336
15.4565 2.38836
15.5065 2.36336
15.5565 2.33836
15.6065 2.31336
15.6565 2.28836
15.7065 2.26336
15.7565 2.26336
15.8065 2.23836
15.8565 2.21336
15.9065 2.21336
15.9565 2.18836
16.0065 2.16336
16.0565 2.13836
16.1065 2.11336
16.1565 2.11336
16.2065 2.08836
16.2565 2.06336
16.3065 2.06336
16.3565 2.03836
16.4065 2.01336
16.4565 1.98836
16.5065 1.96336
16.5565 1.96336
16.6065 1.93836
16.6565 1.91336
16.7065 1.91336
16.7565 1.88836
16.8065 1.86336
16.8565 1.86336
16.9065 1.83836
16.9565 1.81336
17.0065 1.81336
17.0565 1.78836
17.1065 1.76336
17.1565 1.76336
17.2065 1.73836
17.2565 1.71336
17.3065 1.71336
17.3565 1.68836
17.4065 1.66336
17.4565 1.66336
17.5065 1.63836
17.5565 1.61336
17.6065 1.61336
17.6565 1.61336
17.7065 1.58836
17.7565 1.56336
17.8065 1.56336
17.8565 1.53836
17.9065 1.51336
17.9565 1.51336
18.0065 1.48836
18.0565 1.46336
18.1065 1.46336
18.1565 1.46336
18.2065 1.43836
18.2565 1.41336
18.3065 1.41336
18.3565 1.41336
18.4065 1.38836
18.4565 1.36336
18.5065 1.36336
18.5565 1.36336
18.6065 1.33836
18.6565 1.31336
18.7065 1.31336
18.7565 1.31336
18.8065 1.28836
18.8565 1.26336
18.9065 1.26336
18.9565 1.26336
19.0065 1.23836
19.0565 1.21336
19.1065 1.21336
19.1565 1.21336
19.2065 1.18836
19.2565 1.16336
19.3065 1.16336
19.3565 1.16336
19.4065 1.13836
19.4565 1.11336
19.5065 1.11336
19.5565 1.11336
19.6065 1.08836
19.6565 1.06336
19.7065 1.06336
19.7565 1.06336
19.8065 1.06336
19.8565 1.03836
19.9065 1.01336
19.9565 1.01336
20.0065 1.01336
20.0565 1.01336
20.1065 0.988359
20.1565 0.963359
20.2065 0.963359
20.2565 0.963359
20.3065 0.963359
20.3565 0.938359
20.4065 0.913359
20.4565 0.913359
20.5065 0.913359
20.5565 0.913359
20.6065 0.888359
20.6565 0.863359
20.7065 0.863359
20.7565 0.863359
20.8065 0.863359
20.8565 0.863359
20.9065 0.838359
20.9565 0.813359
21.0065 0.813359
21.0565 0.813359
21.1065 0.813359
21.1565 0.813359
21.2065 0.788359
21.2565 0.763359
21.3065 0.763359
21.3565 0.763359
21.4065 0.763359
21.4565 0.763359
21.5065 0.763359
21.5565 0.738359
21.6065 0.713359
21.6565 0.713359
21.7065 0.713359
21.7565 0.713359
21.8065 0.713359
21.8565 0.713359
21.9065 0.688359
21.9565 0.663359
22.0065 0.663359
22.0565 0.663359
22.1065 0.663359
22.1565 0.663359
22.2065 0.663359
22.2565 0.663359
22.3065 0.663359
22.3565 0.638359
22.4065 0.613359
22.4565 0.613359
22.5065 0.613359
22.5565 0.613359
22.6065 0.613359
22.6565 0.613359
22.7065 0.613359
22.7565 0.613359
22.8065 0.613359
22.8565 0.588359
22.9065 0.563359
22.9565 0.563359
23.0065 0.563359
23.0565 0.563359
23.1065 0.563359
23.1565 0.563359
23.2065 0.563359
23.2565 0.563359
23.3065 0.563359
23.3565 0.563359
23.4065 0.563359
23.4565 0.563359
23.5065 0.538359
23.5565 0.513359
23.6065 0.513359
23.6565 0.513359
23.7065 0.513359
23.7565 0.513359
23.8065 0.513359
23.8565 0.513359
23.9065 0.513359
23.9565 0.513359
24.0065 0.513359
24.0565 0.513359
24.1065 0.513359
24.1565 0.513359
24.2065 0.513359
24.2565 0.513359
24.3065 0.513359
24.3565 0.513359
24.4065 0.513359
24.4565 0.513359
24.5065 0.513359
24.5565 0.513359
24.6065 0.513359
24.6565 0.513359
24.7065 0.513359
24.7565 0.513359
24.8065 0.513359
24.8565 0.513359
24.9065 0.513359
24.9565 0.513359
25.0065 0.513359
25.0565 0.513359
25.1065 0.513359
25.1565 0.513359
25.2065 0.513359
25.2565 0.513359
25.3065 0.513359
25.3565 0.513359
25.4065 0.513359
25.4565 0.513359
25.5065 0.513359
25.5565 0.513359
25.6065 0.513359
25.6565 0.513359
25.7065 0.513359
25.7565 0.513359
25.8065 0.513359
25.8565 0.513359
25.9065 0.513359
25.9565 0.513359
26.0065 0.513359
26.0565 0.513359
26.1065 0.513359
26.1565 0.513359
26.2065 0.513359
26.2565 0.513359
26.3065 0.513359
26.3565 0.513359
26.4065 0.513359
26.4565 0.513359
26.5065 0.513359
26.5565 0.513359
26.6065 0.513359
26.6565 0.513359
26.7065 0.513359
26.7565 0.513359
26.8065 0.538359
26.8565 0.563359
26.9065 0.563359
26.9565 0.563359
27.0065 0.563359
27.0565 0.563359
27.1065 0.563359
27.1565 0.563359
27.2065 0.563359
27.2565 0.563359
27.3065 0.563359
27.3565 0.563359
27.4065 0.563359
27.4565 0.588359
27.5065 0.613359
27.5565 0.613359
27.6065 0.613359
27.6565 0.613359
27.7065 0.613359
27.7565 0.613359
27.8065 0.613359
27.8565 0.613359
27.9065 0.613359
27.9565 0.638359
28.0065 0.663359
28.0565 0.663359
28.1065 0.663359
28.1565 0.663359
28.2065 0.663359
28.2565 0.663359
28.3065 0.663359
28.3565 0.663359
28.4065 0.688359
28.4565 0.713359
28.5065 0.713359
28.5565 0.713359
28.6065 0.713359
28.6565 0.713359
28.7065 0.713359
28.7565 0.738359
28.8065 0.763359
28.8565 0.763359
28.9065 0.763359
28.9565 0.763359
29.0065 0.763359
29.0565 0.763359
29.1065 0.788359
29.1565 0.813359
29.2065 0.813359
29.2565 0.813359
29.3065 0.813359
29.3565 0.813359
29.4065 0.838359
29.4565 0.863359
29.5065 0.863359
29.5565 0.863359
29.6065 0.863359
29.6565 0.863359
29.7065 0.888359
29.7565 0.913359
29.8065 0.913359
29.8565 0.913359
29.9065 0.913359
29.9565 0.938359
30.0065 0.963359
30.0565 0.963359
30.1065 0.963359
30.1565 0.963359
30.2065 0.988359
30.2565 1.01336
30.3065 1.01336
30.3565 1.01336
30.4065 1.01336
30.4565 1.03836
30.5065 1.06336
30.5565 1.06336
30.6065 1.06336
30.6565 1.06336
30.7065 1.08836
30.7565 1.11336
30.8065 1.11336
30.8565 1.11336
30.9065 1.13836
30.9565 1.16336
31.0065 1.16336
31.0565 1.16336
31.1065 1.16336
31.1565 1.18836
31.2065 1.21336
31.2565 1.21336
31.3065 1.21336
31.3565 1.23836
31.4065 1.26336
31.4565 1.26336
31.5065 1.26336
31.5565 1.28836
31.6065 1.31336
31.6565 1.31336
31.7065 1.33836
31.7565 1.36336
31.8065 1.36336
31.8565 1.36336
31.9065 1.38836
31.9565 1.41336
32.0065 1.41336
32.0565 1.41336
32.1065 1.43836
32.1565 1.46336
32.2065 1.46336
32.2565 1.48836
32.3065 1.51336
32.3565 1.51336
32.4065 1.51336
32.4565 1.53836
32.5065 1.56336
32.5565 1.56336
32.6065 1.58836
32.6565 1.61336
32.7065 1.61336
32.7565 1.63836
32.8065 1.66336
32.8565 1.66336
32.9065 1.68836
32.9565 1.71336
33.0065 1.71336
33.0565 1.73836
33.1065 1.76336
33.1565 1.76336
33.2065 1.78836
33.2565 1.81336
33.3065 1.81336
33.3565 1.83836
33.4065 1.86336
33.4565 1.86336
33.5065 1.88836
33.5565 1.91336
33.6065 1.91336
33.6565 1.93836
33.7065 1.96336
33.7565 1.96336
33.8065 1.98836
33.8565 2.01336
33.9065 2.01336
33.9565 2.03836
34.0065 2.06336
34.0565 2.06336
34.1065 2.08836
34.1565 2.11336
34.2065 2.13836
34.2565 2.16336
34.3065 2.16336
34.3565 2.18836
34.4065 2.21336
34.4565 2.21336
34.5065 2.23836
34.5565 2.26336
34.6065 2.28836
34.6565 2.31336
34.7065 2.31336
34.7565 2.33836
34.8065 2.36336
34.8565 2.38836
34.9065 2.41336
34.9565 2.41336
35.0065 2.43836
35.0565 2.46336
35.1065 2.48836
35.1565 2.51336
35.2065 2.53836
35.2565 2.56336
35.3065 2.56336
35.3565 2.58836
35.4065 2.61336
35.4565 2.63836
35.5065 2.66336
35.5565 2.68836
35.6065 2.71336
35.6565 2.71336
35.7065 2.73836
35.7565 2.76336
35.8065 2.78836
35.8565 2.81336
35.9065 2.83836
35.9565 2.86336
36.0065 2.88836
36.0565 2.91336
36.1065 2.93836
36.1565 2.96336
36.2065 2.98836
36.2565 3.01336
36.3065 3.03836
36.3565 3.06336
36.4065 3.06336
36.4565 3.08836
36.5065 3.11336
36.5565 3.13836
36.6065 3.16336
36.6565 3.18836
36.7065 3.21336
36.7565 3.23836
36.8065 3.26336
36.8565 3.28836
36.9065 3.33836
36.9565 3.36336
37.0065 3.38836
37.0565 3.41336
37.1065 3.43836
37.1565 3.46336
37.2065 3.48836
37.2565 3.51336
37.3065 3.53836
37.3565 3.56336
37.4065 3.58836
37.4565 3.61336
37.5065 3.63836
37.5565 3.66336
37.6065 3.68836
37.6565 3.73836
37.7065 3.76336
37.7565 3.78836
37.8065 3.81336
37.8565 3.83836
37.9065 3.86336
37.9565 3.88836
38.0065 3.93836
38.0565 3.96336
38.1065 3.98836
38.1565 4.01336
38.2065 4.03836
38.2565 4.06336
38.3065 4.08836
38.3565 4.13836
38.4065 4.16336
38.4565 4.18836
38.5065 4.23836
38.5565 4.26336
38.6065 4.28836
38.6565 4.31336
38.7065 4.33836
38.7565 4.38836
38.8065 4.41336
38.8565 4.43836
38.9065 4.48836
38.9565 4.51336
39.0065 4.53836
39.0565 4.56336
39.1065 4.58836
39.1565 4.63836
39.2065 4.66336
39.2565 4.68836
39.3065 4.73836
39.3565 4.76336
39.4065 4.78836
39.4565 4.83836
39.5065 4.86336
39.5565 4.88836
39.6065 4.93836
39.6565 4.96336
39.7065 4.98836
39.7565 5.03836
39.8065 5.06336
39.8565 5.08836
39.9065 5.13836
39.9565 5.16336
40.0065 5.18836
40.0565 5.23836
40.1065 5.28836
40.1565 5.31336
40.2065 5.33836
40.2565 5.38836
40.3065 5.41336
40.3565 5.43836
40.4065 5.48836
40.4565 5.53836
40.5065 5.56336
40.5565 5.58836
40.6065 5.63836
40.6565 5.66336
40.7065 5.68836
40.7565 5.73836
40.8065 5.78836
40.8565 5.81336
40.9065 5.83836
40.9565 5.88836
41.0065 5.93836
41.0565 5.96336
41.1065 5.98836
41.1565 6.03836
41.2065 6.08836
41.2565 6.13836
41.3065 6.16336
41.3565 6.18836
41.4065 6.23836
41.4565 6.28836
41.5065 6.33836
41.5565 6.38836
41.6065 6.41336
41.6565 6.43836
41.7065 6.48836
41.7565 6.53836
41.8065 6.58836
41.8565 6.63836
41.9065 6.66336
41.9565 6.68836
42.0065 6.73836
42.0565 6.78836
42.1065 6.83836
42.1565 6.88836
42.2065 6.93836
42.2565 6.98836
42.3065 7.03836
42.3565 7.06336
42.4065 7.08836
42.4565 7.13836
42.5065 7.18836
42.5565 7.23836
42.6065 7.28836
42.6565 7.33836
42.7065 7.38836
42.7565 7.43836
42.8065 7.48836
42.8565 7.53836
42.9065 7.58836
42.9565 7.63836
43.0065 7.68836
43.0565 7.73836
43.1065 7.78836
43.1565 7.83836
43.2065 7.88836
43.2565 7.93836
43.3065 7.98836
43.3565 8.03836
43.4065 8.08836
43.4565 8.13836
43.5065 8.18836
43.5565 8.23836
43.6065 8.28836
43.6565 8.33836
43.7065 8.38836
43.7565 8.43836
43.8065 8.48836
43.8565 8.53836
43.9065 8.58836
43.9565 8.63836
44.0065 8.68836
44.0565 8.73836
44.1065 8.78836
44.1565 8.83836
44.2065 8.88836
44.2565 8.93836
44.2815 9.01336
44.3315 9.06336
44.3815 9.11336
44.4315 9.16336
44.4815 9.21336
44.5315 9.26336
44.5815 9.31336
44.6315 9.36336
44.6565 9.41336
44.6815 9.46336
44.7315 9.51336
44.7815 9.56336
44.8315 9.61336
44.8815 9.66336
44.9065 9.71336
44.9315 9.76336
44.9815 9.81336
45.0315 9.86336
45.0815 9.91336
45.1315 9.96336
45.1565 10.0134
45.1815 10.0634
45.2315 10.1134
45.2815 10.1634
45.3315 10.2134
45.3565 10.2634
45.3815 10.3134
45.4315 10.3634
45.4815 10.4134
45.5315 10.4634
45.5565 10.5134
45.5815 10.5634
45.6315 10.6134
45.6815 10.6634
45.7065 10.7134
45.7315 10.7634
45.7815 10.8134
45.8315 10.8634
45.8565 10.9134
45.8815 10.9634
45.9315 11.0134
45.9815 11.0634
46.0065 11.1134
46.0315 11.1634
46.0815 11.2134
46.1065 11.2634
46.1315 11.3134
46.1815 11.3634
46.2315 11.4134
46.2565 11.4634
46.2815 11.5134
46.3315 11.5634
46.3565 11.6134
46.3815 11.6634
46.4315 11.7134
46.4565 11.7634
46.4815 11.8134
46.5315 11.8634
46.5565 11.9134
46.5815 11.9634
46.6315 12.0134
46.6565 12.0634
46.6815 12.1134
46.7315 12.1634
46.7565 12.2134
46.7815 12.2634
46.8315 12.3134
46.8565 12.3634
46.8815 12.4134
46.9315 12.4634
46.9565 12.5134
46.9815 12.5634
47.0315 12.6134
47.0565 12.6634
47.0815 12.7134
47.1065 12.7634
47.1315 12.8134
47.1815 12.8634
47.2065 12.9134
47.2315 12.9634
47.2815 13.0134
47.3065 13.0634
47.3315 13.1134
47.3565 13.1634
47.3815 13.2134
47.4315 13.2634
47.4565 13.3134
47.4815 13.3634
47.5065 13.4134
47.5315 13.4634
47.5815 13.5134
47.6065 13.5634
47.6315 13.6134
47.6565 13.6634
47.6815 13.7134
47.7065 13.7634
47.7315 13.8134
47.7565 13.8634
47.7815 13.9134
47.8315 13.9634
47.8565 14.0134
47.8815 14.0634
47.9065 14.1134
47.9315 14.1634
47.9565 14.2134
47.9815 14.2634
48.0065 14.3134
48.0315 14.3634
48.0565 14.4134
48.0815 14.4634
48.1315 14.5134
48.1565 14.5634
48.1815 14.6134
48.2065 14.6634
48.2315 14.7134
48.2565 14.7634
48.2815 14.8134
48.3065 14.8634
48.3315 14.9134
48.3565 14.9634
48.3815 15.0134
48.4065 15.0634
48.4315 15.1134
48.4565 15.1634
48.4815 15.2134
48.5065 15.2634
48.5315 15.3134
48.5565 15.3634
48.5565 15.4134
48.5815 15.4634
48.6065 15.5134
48.6315 15.5634
48.6565 15.6134
48.6815 15.6634
48.7065 15.7134
48.7315 15.7634
48.7565 15.8134
48.7815 15.8634
48.8065 15.9134
48.8065 15.9634
48.8315 16.0134
48.8565 16.0634
48.8815 16.1134
48.9065 16.1634
48.9315 16.2134
48.9565 16.2634
48.9815 16.3134
49.0065 16.3634
49.0065 16.4134
49.0315 16.4634
49.0565 16.5134
49.0815 16.5634
49.1065 16.6134
49.1065 16.6634
49.1315 16.7134
49.1565 16.7634
49.1815 16.8134
49.2065 16.8634
49.2065 16.9134
49.2315 16.9634
49.2565 17.0134
49.2815 17.0634
49.3065 17.1134
49.3065 17.1634
49.3315 17.2134
49.3565 17.2634
49.3815 17.3134
49.4065 17.3634
49.4065 17.4134
49.4315 17.4634
49.4565 17.5134
49.4565 17.5634
49.4815 17.6134
49.5065 17.6634
49.5065 17.7134
49.5315 17.7634
49.5565 17.8134
49.5565 17.8634
49.5815 17.9134
49.6065 17.9634
49.6315 18.0134
49.6565 18.0634
49.6565 18.1134
49.6815 18.1634
49.7065 18.2134
49.7065 18.2634
49.7315 18.3134
49.7565 18.3634
49.7565 18.4134
49.7815 18.4634
49.8065 18.5134
49.8065 18.5634
49.8065 18.6134
49.8315 18.6634
49.8565 18.7134
49.8565 18.7634
49.8815 18.8134
49.9065 18.8634
49.9065 18.9134
49.9315 18.9634
49.9565 19.0134
49.9565 19.0634
49.9565 19.1134
49.9815 19.1634
50.0065 19.2134
50.0065 19.2634
50.0315 19.3134
50.0565 19.3634
50.0565 19.4134
50.0565 19.4634
50.0815 19.5134
50.1065 19.5634
50.1065 19.6134
50.1315 19.6634
50.1565 19.7134
50.1565 19.7634
50.1565 19.8134
50.1815 19.8634
50.2065 19.9134
50.2065 19.9634
50.2065 20.0134
50.2315 20.0634
50.2565 20.1134
50.2565 20.1634
50.2565 20.2134
50.2815 20.2634
50.3065 20.3134
50.3065 20.3634
50.3065 20.4134
50.3315 20.4634
50.3565 20.5134
50.3565 20.5634
50.3565 20.6134
50.3565 20.6634
50.3815 20.7134
50.4065 20.7634
50.4065 20.8134
50.4065 20.8634
50.4315 20.9134
50.4565 20.9634
50.4565 21.0134
50.4565 21.0634
50.4565 21.1134
50.4815 21.1634
50.5065 21.2134
50.5065 21.2634
50.5065 21.3134
50.5065 21.3634
50.5315 21.4134
50.5565 21.4634
50.5565 21.5134
50.5565 21.5634
50.5565 21.6134
50.5815 21.6634
50.6065 21.7134
50.6065 21.7634
50.6065 21.8134
50.6065 21.8634
50.6065 21.9134
50.6315 21.9634
50.6565 22.0134
50.6565 22.0634
50.6565 22.1134
50.6565 22.1634
50.6565 22.2134
50.6815 22.2634
50.7065 22.3134
50.7065 22.3634
50.7065 22.4134
50.7065 22.4634
50.7065 22.5134
50.7065 22.5634
50.7315 22.6134
50.7565 22.6634
50.7565 22.7134
50.7565 22.7634
50.7565 22.8134
50.7565 22.8634
50.7565 22.9134
50.7815 22.9634
50.8065 23.0134
50.8065 23.0634
50.8065 23.1134
50.8065 23.1634
50.8065 23.2134
50.8065 23.2634
50.8065 23.3134
50.8315 23.3634
50.8565 23.4134
50.8565 23.4634
50.8565 23.5134
50.8565 23.5634
50.8565 23.6134
50.8565 23.6634
50.8565 23.7134
50.8565 23.7634
50.8565 23.8134
50.8815 23.8634
50.9065 23.9134
50.9065 23.9634
50.9065 24.0134
50.9065 24.0634
50.9065 24.1134
50.9065 24.1634
50.9065 24.2134
50.9065 24.2634
50.9065 24.3134
50.9065 24.3634
50.9065 24.4134
50.9065 24.4634
50.9315 24.5134
50.9565 24.5634
50.9565 24.6134
50.9565 24.6634
50.9565 24.7134
50.9565 24.7634
50.9565 24.8134
50.9565 24.8634
50.9565 24.9134
50.9565 24.9634
50.9565 25.0134
50.9565 25.0634
50.9565 25.1134
50.9565 25.1634
50.9565 25.2134
50.9565 25.2634
50.9565 25.3134
50.9565 25.3634
50.9565 25.4134
50.9565 25.4634
50.9565 25.5134
50.9565 25.5634
50.9815 25.6134
51.0065 25.6634
51.0065 25.7134
51.0065 25.7634
51.0065 25.8134
51.0065 25.8634
51.0065 25.9134
51.0065 25.9634
51.0065 26.0134
51.0065 26.0634
51.0065 26.1134
51.0065 26.1634
51.0065 26.2134
51.0065 26.2634
51.0065 26.3134
51.0065 26.3634
51.0065 26.4134
51.0065 26.4634
51.0065 26.5134
51.0065 26.5634
51.0065 26.6134
51.0065 26.6634
51.0065 26.7134
51.0065 26.7634
51.0065 26.8134
51.0065 26.8634
51.0065 26.9134
50.9815 26.9634
50.9565 27.0134
50.9565 27.0634
50.9565 27.1134
50.9565 27.1634
50.9565 27.2134
50.9565 27.2634
50.9565 27.3134
50.9565 27.3634
50.9565 27.4134
50.9565 27.4634
50.9565 27.5134
50.9565 27.5634
50.9565 27.6134
50.9565 27.6634
50.9565 27.7134
50.9565 27.7634
50.9565 27.8134
50.9565 27.8634
50.9565 27.9134
50.9565 27.9634
50.9565 28.0134
50.9315 28.0634
50.9065 28.1134
50.9065 28.1634
50.9065 28.2134
50.9065 28.2634
50.9065 28.3134
50.9065 28.3634
50.9065 28.4134
50.9065 28.4634
50.9065 28.5134
50.9065 28.5634
50.9065 28.6134
50.9065 28.6634
50.8815 28.7134
50.8565 28.7634
50.8565 28.8134
50.8565 28.8634
50.8565 28.9134
50.8565 28.9634
50.8565 29.0134
50.8565 29.0634
50.8565 29.1134
50.8565 29.1634
50.8315 29.2134
50.8065 29.2634
50.8065 29.3134
50.8065 29.3634
50.8065 29.4134
50.8065 29.4634
50.8065 29.5134
50.8065 29.5634
50.7815 29.6134
50.7565 29.6634
50.7565 29.7134
50.7565 29.7634
50.7565 29.8134
50.7565 29.8634
50.7565 29.9134
50.7315 29.9634
50.7065 30.0134
50.7065 30.0634
50.7065 30.1134
50.7065 30.1634
50.7065 30.2134
50.7065 30.2634
50.6815 30.3134
50.6565 30.3634
50.6565 30.4134
50.6565 30.4634
50.6565 30.5134
50.6565 30.5634
50.6315 30.6134
50.6065 30.6634
50.6065 30.7134
50.6065 30.7634
50.6065 30.8134
50.6065 30.8634
50.5815 30.9134
50.5565 30.9634
50.5565 31.0134
50.5565 31.0634
50.5565 31.1134
50.5315 31.1634
50.5065 31.2134
50.5065 31.2634
50.5065 31.3134
50.5065 31.3634
50.4815 31.4134
50.4565 31.4634
50.4565 31.5134
50.4565 31.5634
50.4565 31.6134
50.4315 31.6634
50.4065 31.7134
50.4065 31.7634
50.4065 31.8134
50.4065 31.8634
50.3815 31.9134
50.3565 31.9634
50.3565 32.0134
50.3565 32.0634
50.3315 32.1134
50.3065 32.1634
50.3065 32.2134
50.3065 32.2634
50.2815 32.3134
50.2565 32.3634
50.2565 32.4134
50.2565 32.4634
50.2315 32.5134
50.2065 32.5634
50.2065 32.6134
50.2065 32.6634
50.1815 32.7134
50.1565 32.7634
50.1565 32.8134
50.1565 32.8634
50.1315 32.9134
50.1065 32.9634
50.1065 33.0134
50.1065 33.0634
50.0815 33.1134
50.0565 33.1634
50.0565 33.2134
50.0315 33.2634
50.0065 33.3134
50.0065 33.3633
50.0065 33.4134
49.9815 33.4634
49.9565 33.5134
49.9565 33.5634
49.9315 33.6134
49.9065 33.6634
49.9065 33.7134
49.8815 33.7634
49.8565 33.8134
49.8565 33.8634
49.8565 33.9134
49.8315 33.9634
49.8065 34.0134
49.8065 34.0634
49.7815 34.1134
49.7565 34.1634
49.7565 34.2134
49.7315 34.2634
49.7065 34.3134
49.7065 34.3634
49.6815 34.4134
49.6565 34.4634
49.6565 34.5134
49.6315 34.5634
49.6065 34.6134
49.6065 34.6634
49.5815 34.7134
49.5565 34.7634
49.5315 34.8134
49.5065 34.8634
49.5065 34.9134
49.4815 34.9634
49.4565 35.0134
49.4565 35.0634
49.4315 35.1134
49.4065 35.1634
49.4065 35.2134
49.3815 35.2634
49.3565 35.3134
49.3315 35.3634
49.3065 35.4134
49.3065 35.4634
49.2815 35.5134
49.2565 35.5634
49.2315 35.6134
49.2065 35.6634
49.2065 35.7134
49.1815 35.7634
49.1565 35.8134
49.1315 35.8634
49.1065 35.9134
49.1065 35.9634
49.0815 36.0134
49.0565 36.0634
49.0315 36.1134
49.0065 36.1634
49.0065 36.2134
48.9815 36.2634
48.9565 36.3134
48.9315 36.3634
48.9065 36.4134
48.8815 36.4634
48.8565 36.5134
48.8565 36.5634
48.8315 36.6134
48.8065 36.6634
48.7815 36.7134
48.7565 36.7634
48.7315 36.8134
48.7065 36.8634
48.6815 36.9134
48.6565 36.9634
48.6315 37.0134
48.6065 37.0634
48.6065 37.1134
48.5815 37.1634
48.5565 37.2134
48.5315 37.2634
48.5065 37.3134
48.4815 37.3633
48.4565 37.4134
48.4315 37.4634
48.4065 37.5134
48.3815 37.5634
48.3565 37.6134
48.3315 37.6634
48.3065 37.7134
48.2815 37.7634
48.2565 37.8134
48.2315 37.8634
48.2065 37.9134
48.1815 37.9634
48.1565 38.0134
48.1315 38.0634
48.1065 38.1134
48.0815 38.1634
48.0315 38.2134
48.0065 38.2634
47.9815 38.3134
47.9565 38.3634
47.9315 38.4134
47.9065 38.4634
47.8815 38.5134
47.8565 38.5634
47.8315 38.6134
47.8065 38.6634
47.7815 38.7134
47.7315 38.7634
47.7065 38.8134
47.6815 38.8634
47.6565 38.9134
47.6315 38.9634
47.6065 39.0134
47.5815 39.0634
47.5315 39.1134
47.5065 39.1634
47.4815 39.2134
47.4565 39.2634
47.4315 39.3134
47.3815 39.3634
47.3565 39.4134
47.3315 39.4634
47.3065 39.5134
47.2815 39.5634
47.2315 39.6134
47.2065 39.6634
47.1815 39.7134
47.1565 39.7634
47.1315 39.8134
47.0815 39.8634
47.0565 39.9134
47.0315 39.9634
46.9815 40.0134
46.9565 40.0634
46.9315 40.1134
46.8815 40.1634
46.8565 40.2134
46.8315 40.2634
46.7815 40.3134
46.7565 40.3634
46.7315 40.4134
46.6815 40.4634
46.6565 40.5134
46.6315 40.5634
46.5815 40.6134
46.5565 40.6634
46.5315 40.7134
46.4815 40.7634
46.4565 40.8134
46.4315 40.8634
46.3815 40.9134
46.3565 40.9634
46.3315 41.0134
46.2815 41.0634
46.2565 41.1134
46.2315 41.1634
46.1815 41.2134
46.1315 41.2634
46.1065 41.3134
46.0815 41.3633
46.0315 41.4134
46.0065 41.4634
45.9815 41.5134
45.9315 41.5634
45.8815 41.6134
45.8565 41.6634
45.8315 41.7134
45.7815 41.7634
45.7315 41.8134
45.7065 41.8634
45.6815 41.9134
45.6315 41.9634
45.5815 42.0134
45.5565 42.0634
45.5315 42.1134
45.4815 42.1634
45.4315 42.2134
45.4065 42.2634
45.3815 42.3134
45.3315 42.3634
45.2815 42.4134
45.2315 42.4634
45.2065 42.5134
45.1815 42.5634
45.1315 42.6134
45.0815 42.6634
45.0315 42.7134
44.9815 42.7634
44.9565 42.8134
44.9315 42.8634
44.8815 42.9134
44.8315 42.9634
44.7815 43.0134
44.7315 43.0634
44.7065 43.1134
44.6815 43.1634
44.6315 43.2134
44.5815 43.2634
44.5315 43.3134
44.4815 43.3634
44.4315 43.4134
44.3815 43.4634
44.3315 43.5134
44.3065 43.5884
44.2565 43.6384
44.2065 43.6884
44.1565 43.7384
44.1065 43.7884
44.0565 43.8384
44.0065 43.8884
43.9565 43.9384
43.9065 43.9884
43.8565 44.0384
43.8065 44.0884
43.7565 44.1384
43.7065 44.1884
43.6565 44.2384
43.6065 44.2884
43.5565 44.3384
43.5065 44.3884
43.4565 44.4384
43.4065 44.4884
43.3565 44.5384
43.3065 44.5884
43.2565 44.6384
43.2065 44.6884
43.1565 44.7384
43.1065 44.7884
43.0565 44.8384
43.0065 44.8884
42.9565 44.9384
42.9065 44.9884
42.8565 45.0384
42.8065 45.0884
42.7565 45.1384
42.7065 45.1884
42.6565 45.2384
42.6065 45.2884
42.5565 45.3384
42.5065 45.3884
42.4565 45.4384
42.4065 45.4884
42.3565 45.5384
42.3065 45.5634
42.2565 45.5884
42.2065 45.6384
42.1565 45.6884
42.1065 45.7384
42.0565 45.7884
42.0065 45.8384
41.9565 45.8884
41.9065 45.9384
41.8565 45.9634
41.8065 45.9884
41.7565 46.0384
41.7065 46.0884
41.6565 46.1384
41.6065 46.1884
41.5565 46.2134
41.5065 46.2384
41.4565 46.2884
41.4065 46.3384
41.3565 46.3884
41.3065 46.4384
41.2565 46.4634
41.2065 46.4884
41.1565 46.5384
41.1065 46.5884
41.0565 46.6134
41.0065 46.6384
40.9565 46.6884
40.9065 46.7384
40.8565 46.7634
40.8065 46.7884
40.7565 46.8384
40.7065 46.8884
40.6565 46.9134
40.6065 46.9384
40.5565 46.9884
40.5065 47.0384
40.4565 47.0634
40.4065 47.0884
40.3565 47.1384
40.3065 47.1634
40.2565 47.1884
40.2065 47.2384
40.1565 47.2884
40.1065 47.3134
40.0565 47.3384
40.0065 47.3884
39.9565 47.4134
39.9065 47.4384
39.8565 47.4884
39.8065 47.5134
39.7565 47.5384
39.7065 47.5884
39.6565 47.6134
39.6065 47.6384
39.5565 47.6884
39.5065 47.7134
39.4565 47.7384
39.4065 47.7884
39.3565 47.8134
39.3065 47.8384
39.2565 47.8884
39.2065 47.9134
39.1565 47.9384
39.1065 47.9884
39.0565 48.0134
39.0065 48.0384
38.9565 48.0884
38.9065 48.1134
38.8565 48.1384
38.8065 48.1884
38.7565 48.2134
38.7065 48.2384
38.6565 48.2634
38.6065 48.2884
38.5565 48.3384
38.5065 48.3634
38.4565 48.3884
38.4065 48.4134
38.3565 48.4384
38.3065 48.4884
38.2565 48.5134
38.2065 48.5384
38.1565 48.5634
38.1065 48.5884
38.0565 48.6384
38.0065 48.6634
37.9565 48.6884
37.9065 48.7134
37.8565 48.7384
37.8065 48.7634
37.7565 48.7884
37.7065 48.8384
37.6565 48.8634
37.6065 48.8884
37.5565 48.9134
37.5065 48.9384
37.4565 48.9634
37.4065 48.9884
37.3565 49.0134
37.3065 49.0384
37.2565 49.0634
37.2065 49.0884
37.1565 49.1384
37.1065 49.1634
37.0565 49.1884
37.0065 49.2134
36.9565 49.2384
36.9065 49.2634
36.8565 49.2884
36.8065 49.3134
36.7565 49.3384
36.7065 49.3633
36.6565 49.3884
36.6065 49.4134
36.5565 49.4384
36.5065 49.4634
36.4565 49.4884
36.4065 49.5134
36.3565 49.5384
36.3065 49.5634
36.2565 49.5884
36.2065 49.6133
36.1565 49.6384
36.1065 49.6634
36.0565 49.6634
36.0065 49.6884
35.9565 49.7134
35.9065 49.7384
35.8565 49.7634
35.8065 49.7884
35.7565 49.8134
35.7065 49.8384
35.6565 49.8633
35.6065 49.8884
35.5565 49.9134
35.5065 49.9134
35.4565 49.9384
35.4065 49.9634
35.3565 49.9884
35.3065 50.0134
35.2565 50.0384
35.2065 50.0634
35.1565 50.0634
35.1065 50.0884
35.0565 50.1133
35.0065 50.1384
34.9565 50.1634
34.9065 50.1634
34.8565 50.1884
34.8065 50.2134
34.7565 50.2384
34.7065 50.2634
34.6565 50.2634
34.6065 50.2884
34.5565 50.3134
34.5065 50.3384
34.4565 50.3634
34.4065 50.3634
34.3565 50.3884
34.3065 50.4134
34.2565 50.4384
34.2065 50.4634
34.1565 50.4634
34.1065 50.4884
34.0565 50.5134
34.0065 50.5134
33.9565 50.5384
33.9065 50.5634
33.8565 50.5634
33.8065 50.5884
33.7565 50.6134
33.7065 50.6384
33.6565 50.6634
33.6065 50.6634
33.5565 50.6884
33.5065 50.7134
33.4565 50.7134
33.4065 50.7384
33.3565 50.7634
33.3065 50.7634
33.2565 50.7884
33.2065 50.8134
33.1565 50.8134
33.1065 50.8384
33.0565 50.8634
33.0065 50.8634
32.9565 50.8884
32.9065 50.9134
32.8565 50.9134
32.8065 50.9384
32.7565 50.9634
32.7065 50.9634
32.6565 50.9634
32.6065 50.9884
32.5565 51.0134
32.5065 51.0134
32.4565 51.0384
32.4065 51.0634
32.3565 51.0634
32.3065 51.0884
32.2565 51.1134
32.2065 51.1134
32.1565 51.1134
32.1065 51.1384
32.0565 51.1634
32.0065 51.1634
31.9565 51.1884
31.9065 51.2134
31.8565 51.2134
31.8065 51.2134
31.7565 51.2384
31.7065 51.2634
31.6565 51.2634
31.6065 51.2634
31.5565 51.2884
31.5065 51.3134
31.4565 51.3134
31.4065 51.3134
31.3565 51.3384
31.3065 51.3634
31.2565 51.3634
31.2065 51.3634
31.1565 51.3884
31.1065 51.4134
31.0565 51.4134
31.0065 51.4134
30.9565 51.4384
30.9065 51.4634
30.8565 51.4634
30.8065 51.4634
30.7565 51.4884
30.7065 51.5134
30.6565 51.5134
30.6065 51.5134
30.5565 51.5134
30.5065 51.5384
30.4565 51.5634
30.4065 51.5634
30.3565 51.5634
30.3065 51.5634
30.2565 51.5884
30.2065 51.6134
30.1565 51.6134
30.1065 51.6134
30.0565 51.6134
30.0065 51.6384
29.9565 51.6634
29.9065 51.6634
29.8565 51.6634
29.8065 51.6634
29.7565 51.6884
29.7065 51.7134
29.6565 51.7134
29.6065 51.7134
29.5565 51.7134
29.5065 51.7134
29.4565 51.7384
29.4065 51.7634
29.3565 51.7634
29.3065 51.7634
29.2565 51.7634
29.2065 51.7634
29.1565 51.7884
29.1065 51.8134
29.0565 51.8134
29.0065 51.8134
28.9565 51.8134
28.9065 51.8134
28.8565 51.8134
28.8065 51.8384
28.7565 51.8634
28.7065 51.8634
28.6565 51.8634
28.6065 51.8634
28.5565 51.8634
28.5065 51.8634
28.4565 51.8884
28.4065 51.9134
28.3565 51.9134
28.3065 51.9134
28.2565 51.9134
28.2065 51.9134
28.1565 51.9134
28.1065 51.9134
28.0565 51.9384
28.0065 51.9634
27.9565 51.9634
27.9065 51.9634
27.8565 51.9634
27.8065 51.9634
27.7565 51.9634
27.7065 51.9634
27.6565 51.9634
27.6065 51.9634
27.5565 51.9884
27.5065 52.0134
27.4565 52.0134
27.4065 52.0134
27.3565 52.0134
27.3065 52.0134
27.2565 52.0134
27.2065 52.0134
27.1565 52.0134
27.1065 52.0134
27.0565 52.0134
