410
6.53151 44.0634
6.48151 44.0134
6.43151 43.9634
6.38151 43.9134
6.33151 43.8634
6.28151 43.8134
6.23151 43.7634
6.18151 43.7134
6.15651 43.6634
6.13151 43.6134
6.08151 43.5634
6.03151 43.5134
5.98151 43.4634
5.93151 43.4134
5.88151 43.3634
5.83151 43.3134
5.78151 43.2634
5.75651 43.2134
5.73151 43.1634
5.68151 43.1134
5.63151 43.0634
5.58151 43.0134
5.53151 42.9634
5.50651 42.9134
5.48151 42.8634
5.43151 42.8134
5.38151 42.7634
5.33151 42.7134
5.28151 42.6634
5.25651 42.6134
5.23151 42.5634
5.18151 42.5134
5.13151 42.4634
5.08151 42.4134
5.05651 42.3634
5.03151 42.3134
4.98151 42.2634
4.93151 42.2134
4.88151 42.1634
4.85651 42.1134
4.83151 42.0634
4.78151 42.0134
4.73151 41.9634
4.70651 41.9134
4.68151 41.8634
4.63151 41.8134
4.58151 41.7634
4.55651 41.7134
4.53151 41.6634
4.48151 41.6134
4.45651 41.5634
4.43151 41.5134
4.38151 41.4634
4.33151 41.4134
4.30651 41.3633
4.28151 41.3134
4.23151 41.2634
4.20651 41.2134
4.18151 41.1634
4.13151 41.1134
4.08151 41.0634
4.05651 41.0134
4.03151 40.9634
3.98151 40.9134
3.95651 40.8634
3.93151 40.8134
3.88151 40.7634
3.85651 40.7134
3.83151 40.6634
3.78151 40.6134
3.75651 40.5634
3.73151 40.5134
3.68151 40.4634
3.65651 40.4134
3.63151 40.3634
3.58151 40.3134
3.55651 40.2634
3.53151 40.2134
3.48151 40.1634
3.45651 40.1134
3.43151 40.0634
3.38151 40.0134
3.35651 39.9634
3.33151 39.9134
3.30651 39.8634
3.28151 39.8134
3.23151 39.7634
3.20651 39.7134
3.18151 39.6634
3.13151 39.6134
3.10651 39.5634
3.08151 39.5134
3.05651 39.4634
3.03151 39.4134
2.98151 39.3634
2.95651 39.3134
2.93151 39.2634
2.88151 39.2134
2.85651 39.1634
2.83151 39.1134
2.80651 39.0634
2.78151 39.0134
2.75651 38.9634
2.73151 38.9134
2.68151 38.8634
2.65651 38.8134
2.63151 38.7634
2.60651 38.7134
2.58151 38.6634
2.55651 38.6134
2.53151 38.5634
2.48151 38.5134
2.45651 38.4634
2.43151 38.4134
2.40651 38.3634
2.38151 38.3134
2.35651 38.2634
2.33151 38.2134
2.30651 38.1634
2.28151 38.1134
2.25651 38.0634
2.23151 38.0134
2.20651 37.9634
2.18151 37.9134
2.15651 37.8634
2.13151 37.8134
2.08151 37.7634
2.05651 37.7134
2.03151 37.6634
2.00651 37.6134
1.98151 37.5634
1.95651 37.5134
1.95651 37.4634
1.93151 37.4134
1.90651 37.3633
1.88151 37.3134
1.85651 37.2634
1.83151 37.2134
1.80651 37.1634
1.78151 37.1134
1.75651 37.0634
1.73151 37.0134
1.70651 36.9634
1.68151 36.9134
1.65651 36.8634
1.63151 36.8134
1.60651 36.7634
1.60651 36.7134
1.58151 36.6634
1.55651 36.6134
1.53151 36.5634
1.50651 36.5134
1.48151 36.4634
1.45651 36.4134
1.45651 36.3634
1.43151 36.3134
1.40651 36.2634
1.38151 36.2134
1.35651 36.1634
1.33151 36.1134
1.30651 36.0634
1.30651 36.0134
1.28151 35.9634
1.25651 35.9134
1.23151 35.8634
1.20651 35.8134
1.20651 35.7634
1.18151 35.7134
1.15651 35.6634
1.13151 35.6134
1.10651 35.5634
1.10651 35.5134
1.08151 35.4634
1.05651 35.4134
1.05651 35.3634
1.03151 35.3134
1.00651 35.2634
0.98151 35.2134
0.95651 35.1634
0.95651 35.1134
0.93151 35.0634
0.90651 35.0134
0.90651 34.9634
0.88151 34.9134
0.85651 34.8634
0.85651 34.8134
0.83151 34.7634
0.80651 34.7134
0.80651 34.6634
0.78151 34.6134
0.75651 34.5634
0.75651 34.5134
0.73151 34.4634
0.70651 34.4134
0.70651 34.3634
0.68151 34.3134
0.65651 34.2634
0.65651 34.2134
0.63151 34.1634
0.60651 34.1134
0.60651 34.0634
0.58151 34.0134
0.55651 33.9634
0.55651 33.9134
0.53151 33.8634
0.50651 33.8134
0.50651 33.7634
0.48151 33.7134
0.45651 33.6634
0.45651 33.6134
0.45651 33.5634
0.43151 33.5134
0.40651 33.4634
0.40651 33.4134
0.38151 33.3633
0.35651 33.3134
0.35651 33.2634
0.35651 33.2134
0.33151 33.1634
0.30651 33.1134
0.30651 33.0634
0.30651 33.0134
0.28151 32.9634
0.25651 32.9134
0.25651 32.8634
0.23151 32.8134
0.20651 32.7634
0.20651 32.7134
0.20651 32.6634
0.18151 32.6134
0.15651 32.5634
0.15651 32.5134
0.15651 32.4634
0.13151 32.4134
0.10651 32.3634
0.10651 32.3134
0.10651 32.2634
0.0815096 32.2134
0.0565096 32.1634
0.0565096 32.1134
0.0565096 32.0634
0.0565096 32.0134
0.0315096 31.9634
0.00650956 31.9134
0.00650956 31.8634
0.00650956 31.8134
-0.0184904 31.7634
-0.0434904 31.7134
-0.0434904 31.6634
-0.0434904 31.6134
-0.0434904 31.5634
-0.0684904 31.5134
-0.0934904 31.4634
-0.0934904 31.4134
-0.0934904 31.3634
-0.0934904 31.3134
-0.11849 31.2634
-0.14349 31.2134
-0.14349 31.1634
-0.14349 31.1134
-0.14349 31.0634
-0.16849 31.0134
-0.19349 30.9634
-0.19349 30.9134
-0.19349 30.8634
-0.19349 30.8134
-0.21849 30.7634
-0.24349 30.7134
-0.24349 30.6634
-0.24349 30.6134
-0.24349 30.5634
-0.24349 30.5134
-0.26849 30.4634
-0.29349 30.4134
-0.29349 30.3634
-0.29349 30.3134
-0.29349 30.2634
-0.29349 30.2134
-0.31849 30.1634
-0.34349 30.1134
-0.34349 30.0634
-0.34349 30.0134
-0.34349 29.9634
-0.34349 29.9134
-0.34349 29.8634
-0.36849 29.8134
-0.39349 29.7634
-0.39349 29.7134
-0.39349 29.6634
-0.39349 29.6134
-0.39349 29.5634
-0.39349 29.5134
-0.418491 29.4634
-0.443491 29.4134
-0.443491 29.3634
-0.443491 29.3134
-0.443491 29.2634
-0.443491 29.2134
-0.443491 29.1634
-0.443491 29.1134
-0.443491 29.0634
-0.468491 29.0134
-0.493491 28.9634
-0.493491 28.9134
-0.493491 28.8634
-0.493491 28.8134
-0.493491 28.7634
-0.493491 28.7134
-0.493491 28.6634
-0.493491 28.6134
-0.493491 28.5634
-0.518491 28.5134
-0.543491 28.4634
-0.543491 28.4134
-0.543491 28.3634
-0.543491 28.3134
-0.543491 28.2634
-0.543491 28.2134
-0.543491 28.1634
-0.543491 28.1134
-0.543491 28.0634
-0.543491 28.0134
-0.543491 27.9634
-0.543491 27.9134
-0.568491 27.8634
-0.593491 27.8134
-0.593491 27.7634
-0.593491 27.7134
-0.593491 27.6634
-0.593491 27.6134
-0.593491 27.5634
-0.593491 27.5134
-0.593491 27.4634
-0.593491 27.4134
-0.593491 27.3634
-0.593491 27.3134
-0.593491 27.2634
-0.593491 27.2134
-0.593491 27.1634
-0.593491 27.1134
-0.593491 27.0634
-0.593491 27.0134
-0.593491 26.9634
-0.593491 26.9134
-0.593491 26.8634
-0.593491 26.8134
-0.593491 26.7634
-0.593491 26.7134
-0.593491 26.6634
-0.593491 26.6134
-0.593491 26.5634
-0.593491 26.5134
-0.593491 26.4634
-0.593491 26.4134
-0.593491 26.3634
-0.593491 26.3134
-0.593491 26.2634
-0.593491 26.2134
-0.593491 26.1634
-0.593491 26.1134
-0.593491 26.0634
-0.593491 26.0134
-0.593491 25.9634
-0.593491 25.9134
-0.593491 25.8634
-0.593491 25.8134
-0.593491 25.7634
-0.593491 25.7134
-0.593491 25.6634
-0.593491 25.6134
-0.593491 25.5634
-0.593491 25.5134
-0.593491 25.4634
-0.593491 25.4134
-0.593491 25.3634
-0.593491 25.3134
-0.593491 25.2634
-0.593491 25.2134
-0.593491 25.1634
-0.593491 25.1134
-0.593491 25.0634
-0.593491 25.0134
-0.593491 24.9634
-0.593491 24.9134
-0.593491 24.8634
-0.593491 24.8134
-0.593491 24.7634
-0.568491 24.7134
-0.543491 24.6634
-0.543491 24.6134
-0.543491 24.5634
-0.543491 24.5134
-0.543491 24.4634
-0.543491 24.4134
-0.543491 24.3634
-0.543491 24.3134
-0.543491 24.2634
-0.543491 24.2134
-0.543491 24.1634
-0.543491 24.1134
-0.518491 24.0634
-0.493491 24.0134
-0.493491 23.9634
-0.493491 23.9134
-0.493491 23.8634
-0.493491 23.8134
-0.493491 23.7634
-0.493491 23.7134
-0.493491 23.6634
-0.468491 23.5634

