6.41001 -71.0669 6.63093
5.20633 -55.7701 2.51627
5.18369 -55.5125 2.48314
5.1989 -55.6677 2.47934
3.99342 -40.3586 -1.62599
3.9743 -40.1456 -1.64713
3.98508 -40.2446 -1.66606
2.77883 -24.9178 -5.78557
2.7649 -24.7787 -5.77739
2.77125 -24.8215 -5.81145
1.96151 -14.5439 -8.56111
1.94059 -14.476 -8.5579
1.81906 -14.3639 -8.43715
1.73271 -14.4059 -8.43723
1.6629 -14.5061 -8.58406
1.72569 -14.6026 -8.70623
1.95118 -14.6678 -8.81789
2.10725 -14.614 -8.8163
2.19876 -14.5424 -8.74302
2.2485 -14.4925 -8.62651
2.24769 -14.4427 -8.52508
2.18692 -14.3867 -8.39086
2.00755 -14.3187 -8.33575
1.84737 -14.2796 -8.3529
1.76066 -14.1458 -8.14548
1.85472 -14.1038 -8.14331
2.10751 -14.1218 -8.13069
2.35735 -14.2069 -8.21713
2.45223 -14.2697 -8.31729
2.54792 -14.3789 -8.47496
2.55578 -14.4673 -8.625
2.49769 -14.5464 -8.825
2.37292 -14.6117 -9.00559
2.20688 -14.8002 -9.05321
1.85751 -14.9186 -8.97026
1.65751 -14.8663 -8.8855
1.39953 -14.6525 -8.72454
1.3607 -14.6115 -8.625
1.39037 -14.5195 -8.42458
1.51862 -14.3642 -8.24317
1.64013 -14.2253 -8.15132
1.60748 -14.1576 -8.07354
1.54832 -14.1444 -7.98691
1.51595 -14.0703 -7.92232
1.51666 -14.1055 -7.93764
1.59873 -14.0106 -7.91083
1.7574 -13.9293 -7.91175
1.90751 -13.9026 -7.94335
2.20751 -13.9218 -7.93067
2.45751 -14.0052 -8.01338
2.65592 -14.0845 -8.15044
2.81827 -14.2467 -8.42497
2.8389 -14.3592 -8.625
2.79829 -14.4902 -8.875
2.69477 -14.5803 -9.07497
2.59993 -14.6938 -9.21486
2.30751 -14.9635 -9.29231
2.10751 -15.0658 -9.25511
1.70751 -15.1316 -9.149
1.45751 -15.0237 -9.03403
1.14004 -14.7427 -8.82347
1.06425 -14.6959 -8.675
1.07251 -14.6252 -8.475
1.11426 -14.5349 -8.325
1.38237 -14.1813 -7.9661
1.30715 -14.0957 -7.87833
1.21607 -14.0531 -7.83562
0.909251 -14.3425 -8.12496
0.789551 -14.5408 -8.325
0.759234 -14.7342 -8.675
0.848088 -14.8013 -8.92421
1.19778 -15.1265 -9.17567
1.4075 -15.2544 -9.2618
1.55751 -15.3057 -9.34639
1.95751 -15.2591 -9.4846
2.25751 -15.1533 -9.54517
2.40736 -15.0668 -9.55571
2.6947 -14.6959 -9.50862
2.82652 -14.6278 -9.42311
3.08065 -14.431 -8.975
3.11498 -14.2212 -8.625
3.09058 -14.1187 -8.475
2.98713 -13.9921 -8.27496
2.75749 -13.8302 -8.00053
2.35751 -13.7073 -7.76901
1.75751 -13.6831 -7.75735
1.60751 -13.7328 -7.72702
1.29397 -13.94 -7.77404
1.12346 -13.835 -7.6722
1.14032 -13.7482 -7.6287
1.2368 -13.6476 -7.59866
1.5075 -13.484 -7.58885
1.70751 -13.4191 -7.62344
2.35751 -13.4253 -7.62617
2.65667 -13.5077 -7.72947
2.85657 -13.5633 -7.85902
3.00078 -13.6367 -8.00685
3.2164 -13.7861 -8.27435
3.33602 -13.9594 -8.52489
3.36864 -14.1201 -8.77501
3.32755 -14.3215 -9.12147
3.07697 -14.5313 -9.57497
2.81637 -14.6648 -9.77844
2.70579 -14.8678 -9.80346
2.40751 -15.1586 -9.84787
1.95751 -15.3621 -9.77046
1.70924 -15.4188 -9.70533
1.65301 -15.3733 -9.65119
1.60924 -15.4388 -9.66853
1.45752 -15.4359 -9.60321
1.15641 -15.3294 -9.42298
1.04539 -15.274 -9.39107
0.84323 -15.0916 -9.26924
0.722084 -14.9262 -9.21312
0.634104 -14.8527 -9.12467
0.566004 -14.8345 -9.02501
0.457749 -14.716 -8.675
0.463157 -14.578 -8.425
0.515099 -14.4246 -8.225
0.609259 -14.2923 -8.075
0.991374 -13.893 -7.69784
1.91502 -26.8205 -4.22624
1.91141 -26.7708 -4.19787
1.92178 -26.9169 -4.20035
2.9974 -42.2599 -0.0790948
2.98984 -42.1539 -0.0658596
3.00416 -42.3563 -0.0532014
3.8729 -54.7489 3.28713
