6.41001 -71.0669 6.63093
5.21636 -55.9002 2.55444
5.20648 -55.764 2.50522
5.18369 -55.5125 2.48314
5.1989 -55.6677 2.47934
5.18228 -55.4671 2.43798
4.91321 -52.0482 1.51915
4.00376 -40.4926 -1.58675
3.99265 -40.3409 -1.64017
3.9743 -40.1456 -1.64713
3.98508 -40.2446 -1.66606
3.96968 -40.0595 -1.70323
3.48083 -33.8481 -3.37263
2.78739 -25.0371 -5.74091
2.77883 -24.9178 -5.78557
2.7649 -24.7787 -5.77739
2.77125 -24.8215 -5.81145
2.75707 -24.652 -5.84444
1.96151 -14.5439 -8.56111
1.95432 -14.4924 -8.57065
1.81906 -14.3639 -8.43715
1.78527 -14.3671 -8.42045
1.73271 -14.4059 -8.43723
1.68825 -14.4461 -8.47754
1.66626 -14.4729 -8.52727
1.6629 -14.5061 -8.58406
1.67774 -14.5554 -8.64931
1.72569 -14.6026 -8.70623
1.88414 -14.6639 -8.79772
1.95118 -14.6678 -8.81789
2.05733 -14.6504 -8.82326
2.10725 -14.614 -8.8163
2.15576 -14.5717 -8.79211
2.19876 -14.5424 -8.74302
2.2485 -14.4925 -8.62651
2.24769 -14.4427 -8.52508
2.18692 -14.3867 -8.39086
2.00755 -14.3187 -8.33575
1.87154 -14.2978 -8.35651
1.84737 -14.2796 -8.3529
1.80755 -14.2062 -8.27442
1.76658 -14.1379 -8.13822
1.85472 -14.1038 -8.14331
2.10751 -14.1218 -8.13069
2.35735 -14.2069 -8.21713
2.45223 -14.2697 -8.31729
2.54792 -14.3789 -8.47496
2.55578 -14.4673 -8.625
2.53218 -14.5159 -8.725
2.49769 -14.5464 -8.825
2.37292 -14.6117 -9.00559
2.20688 -14.8002 -9.05321
2.1075 -14.8544 -9.03648
2.00751 -14.8917 -9.00112
1.85751 -14.9186 -8.97026
1.75751 -14.9114 -8.93678
1.65751 -14.8663 -8.8855
1.60749 -14.835 -8.85532
1.5063 -14.7426 -8.80987
1.39953 -14.6525 -8.72454
1.36937 -14.6261 -8.67495
1.3607 -14.6115 -8.625
1.39037 -14.5195 -8.42458
1.51862 -14.3642 -8.24317
1.64013 -14.2253 -8.15132
1.64053 -14.1875 -8.11653
1.60748 -14.1576 -8.07354
1.54832 -14.1444 -7.98691
1.51595 -14.0703 -7.92232
1.51666 -14.1055 -7.93764
1.59873 -14.0106 -7.91083
1.65414 -13.9733 -7.90427
1.7574 -13.9293 -7.91175
1.90751 -13.9026 -7.94335
2.05751 -13.9169 -7.92607
2.20751 -13.9218 -7.93067
2.45751 -14.0052 -8.01338
2.55749 -14.0426 -8.06969
2.65592 -14.0845 -8.15044
2.76755 -14.1823 -8.32345
2.81827 -14.2467 -8.42497
2.83415 -14.2708 -8.475
2.8389 -14.3592 -8.625
2.82344 -14.4482 -8.77501
2.79829 -14.4902 -8.875
2.69477 -14.5803 -9.07497
2.59993 -14.6938 -9.21486
2.55592 -14.7436 -9.24041
2.45749 -14.8519 -9.26054
2.30751 -14.9635 -9.29231
2.20751 -15.0138 -9.28538
2.10751 -15.0658 -9.25511
1.95751 -15.1075 -9.21782
1.70751 -15.1316 -9.149
1.60751 -15.1042 -9.11127
1.45751 -15.0237 -9.03403
1.14004 -14.7427 -8.82347
1.09981 -14.7171 -8.77478
1.06425 -14.6959 -8.675
1.07251 -14.6252 -8.475
1.11426 -14.5349 -8.325
1.16635 -14.4421 -8.22468
1.37106 -14.217 -8.00179
1.38237 -14.1813 -7.9661
1.30715 -14.0957 -7.87833
1.25944 -14.0606 -7.84324
1.21607 -14.0531 -7.83562
1.12117 -14.1281 -7.90043
0.909251 -14.3425 -8.12496
0.834457 -14.4425 -8.225
0.789551 -14.5408 -8.325
0.759017 -14.6423 -8.475
0.759234 -14.7342 -8.675
0.784043 -14.7505 -8.77501
0.848088 -14.8013 -8.92421
0.937091 -14.8738 -9.01088
1.08947 -15.0357 -9.10439
1.19778 -15.1265 -9.17567
1.4075 -15.2544 -9.2618
1.55751 -15.3057 -9.34639
1.65751 -15.3136 -9.37855
1.80751 -15.2924 -9.4137
1.95751 -15.2591 -9.4846
2.25751 -15.1533 -9.54517
2.40736 -15.0668 -9.55571
2.58918 -14.8552 -9.52633
2.6947 -14.6959 -9.50862
2.72597 -14.6584 -9.49301
2.82652 -14.6278 -9.42311
2.92473 -14.5788 -9.275
3.08065 -14.431 -8.975
3.10298 -14.3324 -8.825
3.11498 -14.2212 -8.625
3.09058 -14.1187 -8.475
2.98713 -13.9921 -8.27496
2.75749 -13.8302 -8.00053
2.65751 -13.8018 -7.91638
2.45751 -13.7283 -7.8215
2.35751 -13.7073 -7.76901
2.25751 -13.6936 -7.75088
2.10751 -13.6914 -7.75064
1.90751 -13.6682 -7.77378
1.75751 -13.6831 -7.75735
1.60751 -13.7328 -7.72702
1.45756 -13.8235 -7.73607
1.32106 -13.9365 -7.77694
1.29397 -13.94 -7.77404
1.25458 -13.9264 -7.75916
1.12346 -13.835 -7.6722
1.11466 -13.8026 -7.65391
1.14032 -13.7482 -7.6287
1.2368 -13.6476 -7.59866
1.5075 -13.484 -7.58885
1.70751 -13.4191 -7.62344
2.35751 -13.4253 -7.62617
2.45751 -13.4542 -7.64381
2.65667 -13.5077 -7.72947
2.85657 -13.5633 -7.85902
3.00078 -13.6367 -8.00685
3.13866 -13.7459 -8.17477
3.2164 -13.7861 -8.27435
3.26848 -13.868 -8.36927
3.33602 -13.9594 -8.52489
3.36108 -14.0348 -8.675
3.36864 -14.1201 -8.77501
3.36175 -14.1533 -8.825
3.35397 -14.1855 -8.925
3.32755 -14.3215 -9.12147
3.30822 -14.36 -9.16737
3.26009 -14.4099 -9.27415
3.07697 -14.5313 -9.57497
2.92602 -14.6021 -9.71978
2.86935 -14.6247 -9.75608
2.81637 -14.6648 -9.77844
2.78187 -14.7023 -9.78594
2.74806 -14.8114 -9.80103
2.70579 -14.8678 -9.80346
2.40751 -15.1586 -9.84787
2.10751 -15.3163 -9.80205
1.95751 -15.3621 -9.77046
1.70924 -15.4188 -9.70533
1.65301 -15.3733 -9.65119
1.60924 -15.4388 -9.66853
1.45752 -15.4359 -9.60321
1.15641 -15.3294 -9.42298
1.04539 -15.274 -9.39107
0.84323 -15.0916 -9.26924
0.722084 -14.9262 -9.21312
0.680432 -14.8792 -9.17262
0.634104 -14.8527 -9.12467
0.566004 -14.8345 -9.02501
0.466004 -14.7491 -8.77501
0.457749 -14.716 -8.675
0.463157 -14.578 -8.425
0.490095 -14.5168 -8.325
0.515099 -14.4246 -8.225
0.609259 -14.2923 -8.075
0.91275 -13.9793 -7.75576
0.991374 -13.893 -7.69784
1.0053 -13.8949 -7.6886
1.01425 -13.9727 -7.66567
1.89957 -26.6005 -4.27374
1.91502 -26.8205 -4.22624
1.91141 -26.7708 -4.19787
1.92178 -26.9169 -4.20035
1.92999 -27.0344 -4.15725
2.02459 -28.3838 -3.79471
2.98085 -42.0243 -0.130801
2.9974 -42.2599 -0.0790948
2.98984 -42.1539 -0.0658596
3.00416 -42.3563 -0.0532014
3.01464 -42.5063 -0.00133458
3.8729 -54.7489 3.28713
