6.41001 -71.0669 6.63093
1.95751 -14.4925 -8.575
1.80751 -14.3425 -8.4
1.72417 -14.4092 -8.425
1.65751 -14.4675 -8.525
1.65751 -14.5592 -8.65834
1.70751 -14.6092 -8.70834
1.89501 -14.68 -8.8125
2.05751 -14.6675 -8.825
2.10751 -14.6175 -8.825
2.15751 -14.5592 -8.80834
2.25751 -14.4925 -8.625
2.25751 -14.4425 -8.525
2.18251 -14.3925 -8.425
2.20751 -14.3925 -8.375
2.00751 -14.3175 -8.325
1.85751 -14.3092 -8.35834
1.80751 -14.2425 -8.325
1.80751 -14.1925 -8.275
1.75751 -14.1425 -8.125
1.85751 -14.0925 -8.15
2.10751 -14.1175 -8.125
2.40751 -14.2258 -8.24167
2.53251 -14.3675 -8.425
2.55751 -14.3675 -8.475
2.55751 -14.4925 -8.675
2.38251 -14.5925 -9.02501
2.20751 -14.8092 -9.05834
1.95751 -14.9092 -8.99167
1.80751 -14.9258 -8.95834
1.60751 -14.8425 -8.85
1.50751 -14.7425 -8.825
1.38251 -14.6425 -8.725
1.35751 -14.5925 -8.575
1.40751 -14.4925 -8.375
1.50751 -14.3675 -8.225
1.67751 -14.2025 -8.145
1.50751 -14.0925 -7.925
1.48751 -14.1125 -7.935
1.59501 -14.005 -7.9125
1.75751 -13.9258 -7.90833
1.90751 -13.8925 -7.95
2.20751 -13.9175 -7.925
2.45751 -14.0092 -8.00834
2.65751 -14.0758 -8.14167
2.84084 -14.2592 -8.475
2.84084 -14.4092 -8.725
2.82417 -14.4592 -8.77501
2.75751 -14.5175 -8.975
2.60751 -14.6925 -9.225
2.30751 -14.9675 -9.3
2.10751 -15.0758 -9.25833
1.70751 -15.1425 -9.15
1.45751 -15.0258 -9.04167
1.35751 -14.9425 -8.95
1.30751 -14.8925 -8.95
1.12417 -14.7258 -8.825
1.05751 -14.6925 -8.675
1.07417 -14.6092 -8.425
1.10751 -14.5425 -8.325
1.32001 -14.28 -8.0375
1.3964 -14.1925 -7.99167
1.25751 -14.0425 -7.825
1.20751 -14.0425 -7.825
0.857508 -14.3925 -8.175
0.782508 -14.5425 -8.325
0.757508 -14.7425 -8.675
0.832508 -14.7925 -8.925
1.19501 -15.13 -9.1875
1.30751 -15.2092 -9.20834
1.50751 -15.2925 -9.3
1.55751 -15.3092 -9.35833
1.80751 -15.2925 -9.4
1.95751 -15.2592 -9.49167
2.40751 -15.0758 -9.55833
2.68251 -14.7425 -9.525
2.70751 -14.6425 -9.5
2.84084 -14.6258 -9.425
2.87417 -14.6092 -9.325
2.94084 -14.5758 -9.275
3.09084 -14.4258 -8.975
3.12417 -14.2258 -8.625
3.08251 -14.0925 -8.425
2.75751 -13.8175 -8
2.65751 -13.8092 -7.90833
2.45751 -13.7175 -7.825
2.35751 -13.7092 -7.75833
1.80751 -13.6675 -7.775
1.60751 -13.7175 -7.725
1.50751 -13.8092 -7.74167
1.45751 -13.8175 -7.725
1.30751 -13.9592 -7.79167
1.15751 -13.8425 -7.675
1.10751 -13.8425 -7.675
1.13251 -13.7425 -7.625
1.23251 -13.6425 -7.6
1.45751 -13.5175 -7.575
1.65751 -13.4175 -7.625
2.35751 -13.4175 -7.625
2.70751 -13.5175 -7.75
2.74084 -13.5425 -7.80833
2.80751 -13.5592 -7.80833
2.90751 -13.5675 -7.9
3.14084 -13.7592 -8.175
3.22417 -13.7758 -8.275
3.27001 -13.88 -8.3625
3.32417 -13.9258 -8.475
3.35751 -14.0175 -8.675
3.35751 -14.1675 -8.825
3.35751 -14.1675 -8.925
3.35751 -14.2675 -9.02501
3.34084 -14.2758 -9.075
3.30751 -14.3758 -9.15834
3.29084 -14.3758 -9.225
3.09084 -14.5258 -9.575
2.87001 -14.605 -9.7625
2.80751 -14.6758 -9.79167
2.75751 -14.6925 -9.775
2.79084 -14.7425 -9.80833
2.75751 -14.8175 -9.8
2.45751 -15.1175 -9.85
2.10751 -15.3258 -9.80833
1.45751 -15.4425 -9.6
1.15751 -15.3258 -9.40833
1.03751 -15.2825 -9.395
0.840841 -15.0925 -9.25833
0.740841 -14.9925 -9.24167
0.732508 -14.9175 -9.225
0.632508 -14.8425 -9.125
0.557505 -14.8425 -9.02501
0.457505 -14.7425 -8.725
0.474172 -14.5592 -8.375
0.507505 -14.4175 -8.225
0.557505 -14.3425 -8.125
0.920008 -13.98 -7.7375
1.00751 -13.8758 -7.69167
3.8729 -54.7489 3.28713
