6.41001 -71.0669 6.63093
5.21636 -55.9002 2.55444
5.20899 -55.8061 2.52866
5.20633 -55.7701 2.51627
5.20648 -55.764 2.50522
5.18369 -55.5125 2.48314
5.1989 -55.6677 2.47934
5.19117 -55.5775 2.4645
5.18228 -55.4671 2.43798
4.91321 -52.0482 1.51915
4.00376 -40.4926 -1.58675
3.99634 -40.398 -1.6127
3.99342 -40.3586 -1.62599
3.99265 -40.3409 -1.64017
3.9743 -40.1456 -1.64713
3.98508 -40.2446 -1.66606
3.97827 -40.166 -1.67776
3.96968 -40.0595 -1.70323
3.48083 -33.8481 -3.37263
2.78739 -25.0371 -5.74091
2.78052 -24.9471 -5.76826
2.77883 -24.9178 -5.78557
2.7649 -24.7787 -5.77739
2.77125 -24.8215 -5.81145
2.76536 -24.7545 -5.82002
2.75707 -24.652 -5.84444
1.96151 -14.5439 -8.56111
1.95831 -14.5084 -8.57011
1.95432 -14.4924 -8.57065
1.94059 -14.476 -8.5579
1.8597 -14.3961 -8.47675
1.81906 -14.3639 -8.43715
1.78527 -14.3671 -8.42045
1.73271 -14.4059 -8.43723
1.68825 -14.4461 -8.47754
1.66626 -14.4729 -8.52727
1.6629 -14.5061 -8.58406
1.67774 -14.5554 -8.64931
1.72569 -14.6026 -8.70623
1.80281 -14.6393 -8.75646
1.88414 -14.6639 -8.79772
1.95118 -14.6678 -8.81789
2.00635 -14.6644 -8.82353
2.05733 -14.6504 -8.82326
2.10725 -14.614 -8.8163
2.15576 -14.5717 -8.79211
2.19876 -14.5424 -8.74302
2.22903 -14.5173 -8.68192
2.2485 -14.4925 -8.62651
2.25385 -14.4675 -8.57523
2.24769 -14.4427 -8.52508
2.22671 -14.419 -8.47548
2.20085 -14.3994 -8.4283
2.18692 -14.3867 -8.39086
2.15303 -14.3702 -8.37283
2.10685 -14.3533 -8.35799
2.05744 -14.3327 -8.34378
2.00755 -14.3187 -8.33575
1.95795 -14.3085 -8.34115
1.91053 -14.3007 -8.34968
1.87154 -14.2978 -8.35651
1.84737 -14.2796 -8.3529
1.82111 -14.2429 -8.32048
1.80755 -14.2062 -8.27442
1.79435 -14.1824 -8.22553
1.77086 -14.1568 -8.1792
1.76066 -14.1458 -8.14548
1.76658 -14.1379 -8.13822
1.80264 -14.1155 -8.13999
1.85472 -14.1038 -8.14331
1.90683 -14.1081 -8.13866
1.9574 -14.1144 -8.12992
2.0075 -14.117 -8.12621
2.05751 -14.1182 -8.12631
2.10751 -14.1218 -8.13069
2.15751 -14.1332 -8.14282
2.20751 -14.1527 -8.15852
2.30749 -14.1832 -8.19328
2.35735 -14.2069 -8.21713
2.40642 -14.2335 -8.25752
2.45223 -14.2697 -8.31729
2.52553 -14.3521 -8.42472
2.54792 -14.3789 -8.47496
2.5556 -14.4119 -8.525
2.55701 -14.4412 -8.575
2.55578 -14.4673 -8.625
2.54922 -14.4922 -8.675
2.53218 -14.5159 -8.725
2.51344 -14.5352 -8.77501
2.49769 -14.5464 -8.825
2.47091 -14.56 -8.87493
2.4357 -14.5754 -8.92441
2.3979 -14.591 -8.97094
2.37292 -14.6117 -9.00559
2.29837 -14.7062 -9.02912
2.2545 -14.7591 -9.04463
2.20688 -14.8002 -9.05321
2.15742 -14.8284 -9.05104
2.1075 -14.8544 -9.03648
2.05751 -14.8747 -9.01545
2.00751 -14.8917 -9.00112
1.95751 -14.9058 -8.99005
1.90751 -14.9145 -8.97895
1.85751 -14.9186 -8.97026
1.80751 -14.9205 -8.95632
1.75751 -14.9114 -8.93678
1.70751 -14.8868 -8.91129
1.65751 -14.8663 -8.8855
1.60749 -14.835 -8.85532
1.55732 -14.7911 -8.83097
1.5063 -14.7426 -8.80987
1.45271 -14.6944 -8.77181
1.39953 -14.6525 -8.72454
1.36937 -14.6261 -8.67495
1.3607 -14.6115 -8.625
1.36242 -14.5936 -8.575
1.37045 -14.5746 -8.525
1.37742 -14.5516 -8.47495
1.39037 -14.5195 -8.42458
1.41756 -14.4831 -8.37217
1.46172 -14.4321 -8.31242
1.51862 -14.3642 -8.24317
1.58741 -14.29 -8.19204
1.64013 -14.2253 -8.15132
1.64053 -14.1875 -8.11653
1.60748 -14.1576 -8.07354
1.57143 -14.1464 -8.02735
1.54832 -14.1444 -7.98691
1.51595 -14.0703 -7.92232
1.51666 -14.1055 -7.93764
1.54921 -14.0575 -7.91982
1.59873 -14.0106 -7.91083
1.65414 -13.9733 -7.90427
1.70677 -13.9469 -7.90416
1.7574 -13.9293 -7.91175
1.85751 -13.9087 -7.93771
1.90751 -13.9026 -7.94335
1.95751 -13.908 -7.93875
2.00751 -13.9144 -7.92992
2.05751 -13.9169 -7.92607
2.15751 -13.9183 -7.92617
2.20751 -13.9218 -7.93067
2.25751 -13.9332 -7.94282
2.30751 -13.9527 -7.95852
2.40751 -13.983 -7.99273
2.45751 -14.0052 -8.01338
2.50751 -14.0249 -8.0402
2.55749 -14.0426 -8.06969
2.60728 -14.0609 -8.10757
2.65592 -14.0845 -8.15044
2.69993 -14.1194 -8.20557
2.73486 -14.156 -8.26789
2.76755 -14.1823 -8.32345
2.7936 -14.2132 -8.37477
2.81827 -14.2467 -8.42497
2.83415 -14.2708 -8.475
2.83947 -14.302 -8.525
2.8389 -14.3592 -8.625
2.83354 -14.4167 -8.725
2.82344 -14.4482 -8.77501
2.79829 -14.4902 -8.875
2.75282 -14.5266 -8.975
2.69477 -14.5803 -9.07497
2.66772 -14.6113 -9.12473
2.63488 -14.6483 -9.17304
2.59993 -14.6938 -9.21486
2.55592 -14.7436 -9.24041
2.45749 -14.8519 -9.26054
2.40751 -14.8974 -9.27143
2.35751 -14.9317 -9.2806
2.30751 -14.9635 -9.29231
2.25751 -14.99 -9.29446
2.20751 -15.0138 -9.28538
2.15751 -15.0414 -9.26851
2.10751 -15.0658 -9.25511
2.00751 -15.0939 -9.22369
1.95751 -15.1075 -9.21782
1.90751 -15.1104 -9.20672
1.85751 -15.1123 -9.19151
1.75751 -15.1264 -9.16094
1.70751 -15.1316 -9.149
1.65751 -15.1226 -9.13425
1.60751 -15.1042 -9.11127
1.50751 -15.0543 -9.06123
1.45751 -15.0237 -9.03403
1.40751 -14.9867 -8.99858
1.35748 -14.9413 -8.96296
1.30724 -14.8922 -8.93783
1.19979 -14.7904 -8.86779
1.14004 -14.7427 -8.82347
1.09981 -14.7171 -8.77478
1.07706 -14.7061 -8.72497
1.06425 -14.6959 -8.675
1.06236 -14.6868 -8.625
1.06633 -14.6703 -8.575
1.06586 -14.6466 -8.525
1.07251 -14.6252 -8.475
1.08259 -14.6017 -8.425
1.1001 -14.5697 -8.375
1.11426 -14.5349 -8.325
1.13569 -14.4909 -8.27496
1.16635 -14.4421 -8.22468
1.21019 -14.3914 -8.17284
1.32051 -14.2762 -8.05076
1.37106 -14.217 -8.00179
1.38237 -14.1813 -7.9661
1.3527 -14.1404 -7.92353
1.30715 -14.0957 -7.87833
1.25944 -14.0606 -7.84324
1.21607 -14.0531 -7.83562
1.17734 -14.0737 -7.85383
1.12117 -14.1281 -7.90043
1.00846 -14.2415 -8.02282
0.909251 -14.3425 -8.12496
0.866033 -14.3925 -8.175
0.834457 -14.4425 -8.225
0.809261 -14.4923 -8.275
0.789551 -14.5408 -8.325
0.777466 -14.584 -8.375
0.764525 -14.6158 -8.425
0.759017 -14.6423 -8.475
0.757754 -14.7158 -8.625
0.759234 -14.7342 -8.675
0.765987 -14.7425 -8.725
0.784043 -14.7505 -8.77501
0.827533 -14.7863 -8.87489
0.848088 -14.8013 -8.92421
0.887149 -14.8289 -8.97091
0.937091 -14.8738 -9.01088
0.98919 -14.9257 -9.044
1.08947 -15.0357 -9.10439
1.19778 -15.1265 -9.17567
1.25403 -15.1666 -9.19772
1.30676 -15.2018 -9.21519
1.4075 -15.2544 -9.2618
1.45751 -15.2747 -9.28721
1.50751 -15.2917 -9.31239
1.55751 -15.3057 -9.34639
1.60751 -15.3135 -9.36798
1.65751 -15.3136 -9.37855
1.75751 -15.2973 -9.39981
1.80751 -15.2924 -9.4137
1.85751 -15.287 -9.44068
1.90751 -15.2747 -9.46271
1.95751 -15.2591 -9.4846
2.00751 -15.2427 -9.49891
2.10751 -15.2077 -9.52089
2.15751 -15.1826 -9.52859
2.20751 -15.1699 -9.53799
2.25751 -15.1533 -9.54517
2.30751 -15.1288 -9.55359
2.35749 -15.1028 -9.5568
2.40736 -15.0668 -9.55571
2.45651 -15.0179 -9.55076
2.50292 -14.9654 -9.54372
2.54482 -14.9105 -9.53183
2.58918 -14.8552 -9.52633
2.66998 -14.744 -9.51974
2.6947 -14.6959 -9.50862
2.72597 -14.6584 -9.49301
2.77808 -14.6408 -9.46541
2.82652 -14.6278 -9.42311
2.85738 -14.6164 -9.37474
2.8866 -14.6018 -9.32497
2.92473 -14.5788 -9.275
2.95156 -14.5558 -9.225
2.98336 -14.5313 -9.175
3.01027 -14.5097 -9.125
3.03687 -14.483 -9.075
3.05987 -14.4597 -9.02501
3.08065 -14.431 -8.975
3.08967 -14.4037 -8.925
3.09505 -14.37 -8.875
3.10298 -14.3324 -8.825
3.10665 -14.3073 -8.77501
3.10821 -14.2786 -8.725
3.111 -14.2557 -8.675
3.11498 -14.2212 -8.625
3.10993 -14.1822 -8.575
3.10296 -14.1542 -8.525
3.09058 -14.1187 -8.475
3.07318 -14.0892 -8.425
3.01979 -14.0256 -8.325
2.98713 -13.9921 -8.27496
2.90303 -13.922 -8.1731
2.85654 -13.8906 -8.11648
2.80737 -13.8587 -8.05307
2.75749 -13.8302 -8.00053
2.70751 -13.8159 -7.95422
2.65751 -13.8018 -7.91638
2.60751 -13.7805 -7.88895
2.55751 -13.7633 -7.86301
2.50751 -13.7491 -7.84198
2.45751 -13.7283 -7.8215
2.35751 -13.7073 -7.76901
2.30751 -13.6976 -7.75497
2.25751 -13.6936 -7.75088
2.10751 -13.6914 -7.75064
2.05751 -13.6875 -7.75325
1.95751 -13.6707 -7.76997
1.90751 -13.6682 -7.77378
1.85751 -13.6684 -7.7737
1.80751 -13.6718 -7.76933
1.75751 -13.6831 -7.75735
1.70751 -13.7024 -7.74267
1.65751 -13.7165 -7.73078
1.60751 -13.7328 -7.72702
1.55751 -13.7659 -7.72892
1.50751 -13.7993 -7.73424
1.45756 -13.8235 -7.73607
1.40795 -13.8557 -7.74816
1.36048 -13.902 -7.76271
1.32106 -13.9365 -7.77694
1.29397 -13.94 -7.77404
1.25458 -13.9264 -7.75916
1.16047 -13.857 -7.69035
1.12346 -13.835 -7.6722
1.11466 -13.8026 -7.65391
1.14032 -13.7482 -7.6287
1.18466 -13.6949 -7.60831
1.2368 -13.6476 -7.59866
1.29503 -13.6093 -7.59214
1.40666 -13.5519 -7.58802
1.45739 -13.5176 -7.5841
1.5075 -13.484 -7.58885
1.55751 -13.4605 -7.59457
1.60751 -13.4416 -7.60438
1.65751 -13.4255 -7.61772
1.70751 -13.4191 -7.62344
1.80751 -13.4175 -7.62497
2.25751 -13.4177 -7.62502
2.30751 -13.4191 -7.62516
2.35751 -13.4253 -7.62617
2.40751 -13.4404 -7.63081
2.45751 -13.4542 -7.64381
2.50751 -13.4629 -7.66302
2.55749 -13.4736 -7.68728
2.60738 -13.4863 -7.70819
2.65667 -13.5077 -7.72947
2.70398 -13.5228 -7.75834
2.74987 -13.54 -7.79426
2.80397 -13.5541 -7.82114
2.85657 -13.5633 -7.85902
2.90673 -13.5797 -7.90291
2.9547 -13.6095 -7.95202
3.00078 -13.6367 -8.00685
3.05027 -13.6705 -8.06823
3.09412 -13.7097 -8.12352
3.13866 -13.7459 -8.17477
3.18045 -13.7668 -8.22487
3.2164 -13.7861 -8.27435
3.24288 -13.8206 -8.32235
3.26848 -13.868 -8.36927
3.29335 -13.9036 -8.42235
3.31851 -13.9302 -8.47436
3.33602 -13.9594 -8.52489
3.34611 -13.9887 -8.57498
3.36108 -14.0348 -8.675
3.36855 -14.0758 -8.725
3.36864 -14.1201 -8.77501
3.36175 -14.1533 -8.825
3.35397 -14.1855 -8.925
3.3488 -14.2222 -8.97497
3.34874 -14.258 -9.02487
3.34059 -14.2854 -9.07416
3.32755 -14.3215 -9.12147
3.30822 -14.36 -9.16737
3.28645 -14.384 -9.22147
3.26009 -14.4099 -9.27415
3.23265 -14.4302 -9.32487
3.19888 -14.4506 -9.37497
3.17061 -14.4642 -9.425
3.14068 -14.4831 -9.475
3.10988 -14.5096 -9.525
3.07697 -14.5313 -9.57497
2.98214 -14.5786 -9.67401
2.92602 -14.6021 -9.71978
2.86935 -14.6247 -9.75608
2.81637 -14.6648 -9.77844
2.78187 -14.7023 -9.78594
2.7729 -14.7512 -9.79783
2.74806 -14.8114 -9.80103
2.70579 -14.8678 -9.80346
2.65729 -14.9211 -9.81065
2.60749 -14.9692 -9.82022
2.50751 -15.0673 -9.83161
2.45751 -15.1157 -9.84312
2.40751 -15.1586 -9.84787
2.35751 -15.189 -9.84651
2.30751 -15.2135 -9.83917
2.15751 -15.2931 -9.80805
2.10751 -15.3163 -9.80205
2.00751 -15.3449 -9.7793
1.95751 -15.3621 -9.77046
1.90751 -15.3731 -9.75735
1.85752 -15.3805 -9.7416
1.80758 -15.3923 -9.7258
1.75795 -15.4047 -9.7126
1.70924 -15.4188 -9.70533
1.65301 -15.3733 -9.65119
1.60924 -15.4388 -9.66853
1.55795 -15.4334 -9.6438
1.50758 -15.4374 -9.62346
1.45752 -15.4359 -9.60321
1.40751 -15.4245 -9.58298
1.35751 -15.409 -9.55146
1.30751 -15.3923 -9.5132
1.25749 -15.3748 -9.48567
1.20734 -15.3545 -9.45471
1.15641 -15.3294 -9.42298
1.10265 -15.3051 -9.40644
1.04539 -15.274 -9.39107
0.994655 -15.2309 -9.3685
0.942509 -15.1838 -9.33624
0.889113 -15.1392 -9.3007
0.84323 -15.0916 -9.26924
0.800567 -15.0409 -9.25136
0.755596 -14.986 -9.23685
0.722084 -14.9262 -9.21312
0.680432 -14.8792 -9.17262
0.634104 -14.8527 -9.12467
0.592453 -14.8428 -9.07496
0.566004 -14.8345 -9.02501
0.550979 -14.8173 -8.975
0.531072 -14.7991 -8.925
0.507532 -14.7859 -8.875
0.48421 -14.7675 -8.825
0.466004 -14.7491 -8.77501
0.459233 -14.7357 -8.725
0.457749 -14.716 -8.675
0.457668 -14.6411 -8.525
0.458656 -14.6116 -8.475
0.463157 -14.578 -8.425
0.475186 -14.5517 -8.375
0.490095 -14.5168 -8.325
0.515099 -14.4246 -8.225
0.535798 -14.3858 -8.175
0.566234 -14.341 -8.125
0.609259 -14.2923 -8.075
0.808137 -14.0916 -7.87299
0.860102 -14.0381 -7.81642
0.91275 -13.9793 -7.75576
0.95673 -13.924 -7.71728
0.991374 -13.893 -7.69784
1.0053 -13.8949 -7.6886
1.01065 -13.9277 -7.678
1.01425 -13.9727 -7.66567
1.89957 -26.6005 -4.27374
1.91019 -26.752 -4.236
1.91502 -26.8205 -4.22624
1.91141 -26.7708 -4.19787
1.92178 -26.9169 -4.20035
1.92371 -26.9448 -4.18421
1.92999 -27.0344 -4.15725
2.02459 -28.3838 -3.79471
2.98085 -42.0243 -0.130801
2.99175 -42.1798 -0.0919816
2.9974 -42.2599 -0.0790948
2.98984 -42.1539 -0.0658596
3.00416 -42.3563 -0.0532014
3.00527 -42.3726 -0.0401949
3.008 -42.4116 -0.0272311
3.01464 -42.5063 -0.00133458
3.8729 -54.7489 3.28713
