-2.19249 -7.96749 -4.075
-2.29249 -7.99018 -4.12658
-2.34249 -8.00396 -4.15123
-2.39249 -8.0204 -4.17498
-2.44249 -8.03997 -4.19796
-2.54249 -8.08825 -4.24214
-2.69249 -8.1724 -4.30493
-2.79249 -8.22462 -4.34517
-2.84249 -8.24747 -4.3658
-2.94249 -8.28732 -4.40957
-3.09255 -8.34053 -4.48381
-3.24339 -8.39013 -4.56488
-3.34452 -8.42483 -4.62575
-3.39474 -8.44507 -4.66155
-3.49398 -8.49034 -4.74507
-3.59294 -8.53187 -4.83738
-3.64267 -8.54815 -4.88429
-3.74251 -8.57158 -4.97882
-3.8425 -8.58495 -5.07589
-3.89253 -8.58796 -5.12534
-3.94263 -8.58852 -5.17511
-4.0941 -8.58083 -5.325
-4.14446 -8.5812 -5.375
-4.19311 -8.5874 -5.425
-4.23806 -8.60002 -5.475
-4.27761 -8.61723 -5.525
-4.31135 -8.63602 -5.575
-4.3664 -8.6701 -5.675
-4.46198 -8.72608 -5.875
-4.50219 -8.75317 -5.975
-4.53189 -8.77524 -6.075
-4.55548 -8.78768 -6.175
-4.57749 -8.79168 -6.275
-4.60669 -8.79068 -6.42511
-4.6243 -8.78333 -6.52634
-4.63024 -8.77537 -6.57874
-4.63354 -8.76374 -6.6339
-4.63489 -8.74842 -6.69317
-4.63838 -8.69019 -6.8912
-4.64526 -8.65741 -7.01531
-4.65746 -8.63383 -7.12349
-4.67164 -8.61371 -7.22488
-4.67641 -8.60509 -7.27497
-4.67884 -8.59782 -7.32499
-4.67915 -8.58483 -7.42499
-4.67555 -8.57088 -7.52487
-4.67228 -8.5672 -7.57458
-4.66935 -8.57018 -7.62387
-4.66839 -8.58301 -7.67239
-4.67016 -8.6073 -7.71985
-4.67384 -8.64264 -7.76625
-4.67743 -8.68669 -7.81211
-4.67908 -8.73608 -7.85822
-4.6761 -8.88553 -7.99864
-4.67966 -8.92728 -8.04132
-4.68911 -8.95982 -8.07746
-4.70569 -8.97989 -8.10439
-4.72999 -8.98637 -8.12095
-4.7617 -8.98178 -8.12848
-4.83938 -8.96193 -8.13131
-4.879 -8.9574 -8.13498
-4.9154 -8.9606 -8.14497
-4.94784 -8.97248 -8.16397
-4.9778 -8.99258 -8.19302
-5.04273 -9.04945 -8.27498
-5.08255 -9.08122 -8.32199
-5.12747 -9.11254 -8.37002
-5.17562 -9.14196 -8.41836
-5.2248 -9.16828 -8.46713
-5.2732 -9.19079 -8.51652
-5.31962 -9.20957 -8.56656
-5.36339 -9.22559 -8.61716
-5.44458 -9.25748 -8.71968
-5.48512 -9.27853 -8.77094
-5.52794 -9.30596 -8.82168
-5.57358 -9.3406 -8.87172
-5.62149 -9.38181 -8.92094
-5.67073 -9.42806 -8.96863
-5.72065 -9.47759 -9.01315
-5.77087 -9.52895 -9.0523
-5.82107 -9.58118 -9.08428
-5.8709 -9.63379 -9.10882
-5.92019 -9.68645 -9.12721
-5.96897 -9.7388 -9.14138
-6.06481 -9.8416 -9.16142
-6.11041 -9.89215 -9.16765
-6.15241 -9.94238 -9.17152
-6.18927 -9.99246 -9.17357
-6.22055 -10.0425 -9.17449
-6.2473 -10.0925 -9.17484
-6.34422 -10.2925 -9.17502
-6.45104 -10.4925 -9.17703
-6.49952 -10.5925 -9.18519
-6.52225 -10.6425 -9.19365
-6.56857 -10.7425 -9.22017
-6.59243 -10.7925 -9.23746
-6.6391 -10.8925 -9.27846
-6.66059 -10.9425 -9.30151
-6.69808 -11.0425 -9.35044
-6.71415 -11.0925 -9.37575
-6.74224 -11.1924 -9.42865
-6.76906 -11.2915 -9.48885
-6.7836 -11.3402 -9.5245
-6.79905 -11.388 -9.56527
-6.81499 -11.4345 -9.61119
-6.83084 -11.4798 -9.66124
-6.86111 -11.5649 -9.76729
-6.87555 -11.6028 -9.82044
-6.88932 -11.6362 -9.87268
-6.90191 -11.6647 -9.92399
-6.92169 -11.7126 -10.0249
-6.93421 -11.7611 -10.125
-6.94424 -11.8191 -10.2249
-6.94985 -11.8542 -10.2748
-6.95552 -11.8948 -10.3245
-6.96 -11.9405 -10.3737
-6.96195 -11.9894 -10.4221
-6.96075 -12.0393 -10.4696
-6.95151 -12.1364 -10.5639
-6.94584 -12.1826 -10.6125
-6.92484 -12.3617 -10.8198
-6.90735 -12.4448 -10.9231
-6.89535 -12.4821 -10.9736
-6.86615 -12.5531 -11.0721
-6.84976 -12.591 -11.1204
-6.83252 -12.6327 -11.1684
-6.77659 -12.7734 -11.3148
-6.75679 -12.8195 -11.3654
-6.73642 -12.8624 -11.417
-6.71548 -12.9012 -11.4692
-6.69406 -12.9359 -11.5214
-6.67213 -12.9669 -11.5731
-6.6494 -12.9949 -11.6241
-6.59971 -13.0434 -11.7249
-6.54541 -13.084 -11.825
-6.49283 -13.1155 -11.925
-6.46787 -13.1273 -11.975
-6.41655 -13.1455 -12.075
-6.38776 -13.1538 -12.125
-6.32138 -13.1715 -12.225
-6.24607 -13.1853 -12.325
-6.16111 -13.1911 -12.425
-6.01718 -13.1957 -12.5747
-5.96792 -13.2009 -12.6241
-5.91979 -13.2118 -12.6725
-5.87463 -13.2308 -12.7186
-5.83494 -13.2597 -12.7612
-5.80321 -13.2979 -12.7987
-5.78078 -13.3429 -12.8301
-5.76717 -13.3917 -12.8558
-5.76043 -13.4418 -12.8764
-5.7581 -13.4921 -12.893
-5.75788 -13.5423 -12.9066
-5.75691 -13.6425 -12.9279
-5.75001 -13.7925 -12.9541
-5.74892 -13.8425 -12.965
-5.74855 -13.8925 -12.9786
-5.74529 -14.0425 -13.026
-5.74245 -14.0925 -13.0388
-5.72942 -14.2425 -13.0722
-5.72088 -14.3425 -13.1053
-5.7098 -14.4925 -13.1627
-5.70464 -14.5425 -13.1777
-5.6986 -14.5925 -13.1896
-5.67781 -14.7425 -13.2191
-5.67065 -14.7925 -13.2318
-5.64819 -14.9425 -13.2794
-5.60087 -15.1925 -13.3542
-5.57633 -15.3425 -13.4039
-5.55983 -15.4425 -13.4322
-5.54475 -15.5425 -13.4523
-5.5296 -15.6425 -13.4677
-5.50636 -15.7925 -13.4875
-5.49058 -15.8925 -13.4973
-5.46049 -16.0425 -13.5039
-5.43727 -16.1425 -13.5065
-5.40042 -16.2925 -13.5137
-5.37425 -16.3925 -13.5165
-5.34697 -16.4925 -13.516
-5.30002 -16.6425 -13.5176
-5.22837 -16.8425 -13.5336
-5.19056 -16.9425 -13.5399
-5.14993 -17.0425 -13.5421
-5.06049 -17.2425 -13.5459
-4.97903 -17.4425 -13.5595
-4.94026 -17.5425 -13.571
-4.90741 -17.6425 -13.5898
-4.86409 -17.7925 -13.6283
-4.83337 -17.8925 -13.659
-4.78485 -18.0425 -13.7092
-4.72619 -18.2425 -13.7794
-4.69453 -18.3425 -13.8093
-4.65422 -18.4425 -13.8363
-4.58644 -18.5925 -13.8732
-4.54021 -18.6925 -13.8912
-4.49211 -18.7925 -13.9028
-4.43938 -18.8925 -13.9107
-4.3807 -18.9925 -13.9176
-4.22625 -19.2425 -13.9477
-4.16023 -19.3425 -13.9549
-4.08553 -19.4422 -13.9577
-4.04506 -19.4917 -13.9574
-3.95681 -19.5891 -13.954
-3.90834 -19.6365 -13.9524
-3.85734 -19.6829 -13.9526
-3.80472 -19.7278 -13.9557
-3.75147 -19.7709 -13.9623
-3.64588 -19.849 -13.983
-3.54323 -19.9155 -14.0078
-3.44258 -19.971 -14.0322
-3.3425 -20.0179 -14.0527
-3.24251 -20.0583 -14.0643
-3.09336 -20.1145 -14.0749
-3.04501 -20.1376 -14.082
-2.99873 -20.1664 -14.091
-2.95591 -20.202 -14.1
-2.91776 -20.2443 -14.1069
-2.8846 -20.2915 -14.1107
-2.85562 -20.3411 -14.1116
-2.7507 -20.5424 -14.1081
-2.688 -20.6425 -14.1056
-2.6513 -20.6925 -14.1033
-2.56758 -20.7924 -14.0955
-2.52083 -20.8424 -14.0896
-2.41661 -20.9414 -14.0742
-2.30436 -21.0379 -14.0597
-2.24985 -21.0849 -14.0561
-2.1976 -21.1315 -14.056
-2.14705 -21.1781 -14.0597
-2.04686 -21.2705 -14.0763
-1.94488 -21.3559 -14.0996
-1.84312 -21.43 -14.1264
-1.74257 -21.494 -14.1557
-1.6425 -21.5499 -14.1809
-1.59249 -21.5746 -14.1899
-1.54249 -21.5967 -14.1963
-1.49249 -21.6161 -14.2004
-1.34249 -21.6628 -14.2071
-1.24249 -21.6918 -14.2154
-0.942493 -21.7767 -14.2542
-0.692494 -21.8316 -14.2861
-0.542494 -21.8695 -14.3097
-0.492494 -21.8807 -14.319
-0.342494 -21.9059 -14.3495
-0.242494 -21.916 -14.3622
-0.142495 -21.9191 -14.3695
-0.042495 -21.9191 -14.3767
0.057505 -21.9191 -14.389
0.107505 -21.9182 -14.3985
0.207505 -21.9109 -14.4229
0.407505 -21.8805 -14.4787
0.507505 -21.8712 -14.505
0.557505 -21.8692 -14.5142
0.657508 -21.8685 -14.524
0.757508 -21.8716 -14.5302
0.907508 -21.8807 -14.547
1.00751 -21.8803 -14.565
1.10751 -21.8711 -14.5884
1.25751 -21.8459 -14.6233
1.35751 -21.8252 -14.6392
1.45751 -21.805 -14.6461
1.50751 -21.7971 -14.6472
1.65751 -21.7793 -14.6484
1.75751 -21.7644 -14.6549
1.80751 -21.7571 -14.6629
1.85751 -21.7509 -14.6746
2.05751 -21.7283 -14.7354
2.15751 -21.7134 -14.7572
2.20751 -21.7071 -14.7642
2.30751 -21.6965 -14.77
2.35751 -21.6899 -14.7692
2.55751 -21.6511 -14.7567
2.65751 -21.635 -14.7585
2.80751 -21.6088 -14.7693
2.85751 -21.5974 -14.7712
3.05751 -21.5491 -14.7706
3.10751 -21.5386 -14.7747
3.25751 -21.5113 -14.7971
3.30751 -21.5024 -14.8017
3.55751 -21.4529 -14.8137
3.65751 -21.4307 -14.8265
3.75751 -21.41 -14.8445
3.8575 -21.3872 -14.8562
3.95751 -21.3585 -14.8633
4.05751 -21.3251 -14.8763
4.10751 -21.307 -14.8862
4.20751 -21.267 -14.9106
4.30751 -21.2216 -14.9393
4.40751 -21.1695 -14.9734
4.50751 -21.1103 -15.0081
4.55751 -21.0792 -15.0236
4.65751 -21.0193 -15.0485
4.70751 -20.9923 -15.0582
4.80751 -20.9462 -15.0743
4.95751 -20.8905 -15.0941
5.05751 -20.8556 -15.1014
5.20751 -20.8025 -15.1074
5.25751 -20.7818 -15.1095
5.30751 -20.7578 -15.1123
5.40751 -20.6994 -15.1202
5.65751 -20.5304 -15.1442
5.70751 -20.4942 -15.1513
5.75751 -20.4552 -15.161
5.80751 -20.4125 -15.1734
5.9075 -20.3157 -15.2044
5.95747 -20.2625 -15.2223
6.15515 -20.0449 -15.3007
6.33834 -19.8425 -15.3631
6.42198 -19.7425 -15.4
6.49808 -19.6425 -15.443
6.56625 -19.5425 -15.4849
6.59675 -19.4925 -15.503
6.65027 -19.3925 -15.5316
6.69489 -19.2925 -15.5521
6.73009 -19.1925 -15.5697
6.83576 -18.8425 -15.6375
6.85898 -18.7425 -15.6538
6.88317 -18.5927 -15.678
6.90243 -18.4947 -15.6974
6.91856 -18.4478 -15.7068
6.9419 -18.4037 -15.7144
6.9736 -18.3633 -15.7196
7.01316 -18.3267 -15.7224
7.05852 -18.293 -15.7233
7.15705 -18.2273 -15.7217
7.20725 -18.1909 -15.7203
7.25741 -18.1496 -15.7193
7.30747 -18.1029 -15.7192
7.45732 -17.9463 -15.7218
7.55583 -17.8432 -15.7184
7.64886 -17.7426 -15.7099
7.69114 -17.6925 -15.7053
7.72952 -17.6425 -15.7011
7.76359 -17.5925 -15.6968
7.79346 -17.5425 -15.6918
7.81972 -17.4925 -15.6858
7.86401 -17.3925 -15.6709
7.88247 -17.3425 -15.6634
7.91333 -17.2425 -15.6515
7.94046 -17.1425 -15.6438
7.96395 -17.0425 -15.6368
7.98731 -16.8925 -15.6281
8.02382 -16.6425 -15.6273
8.03584 -16.4925 -15.6204
8.0523 -16.2925 -15.6042
8.05659 -16.1925 -15.6008
8.06212 -16.0425 -15.6007
8.07408 -15.9425 -15.6046
8.08292 -15.8925 -15.6091
8.10071 -15.7925 -15.623
8.11444 -15.6925 -15.633
8.12004 -15.6425 -15.6336
8.12824 -15.5425 -15.6295
8.13167 -15.4425 -15.6261
8.13242 -15.3425 -15.6251
8.13108 -14.6425 -15.6249
8.12223 -14.4925 -15.6236
8.11327 -14.3925 -15.6191
8.102 -14.2425 -15.6091
8.08994 -14.1425 -15.606
8.07354 -14.0425 -15.5977
8.06497 -13.9925 -15.5892
8.02874 -13.7925 -15.5499
8.01477 -13.6925 -15.5293
8.00894 -13.5925 -15.5038
8.00747 -13.3425 -15.4278
8.0062 -13.1925 -15.3875
8.00087 -13.0925 -15.3622
7.98791 -12.9925 -15.3378
7.97053 -12.8925 -15.3114
7.94549 -12.7425 -15.2671
7.92439 -12.6425 -15.2367
7.91223 -12.5925 -15.219
7.84956 -12.3413 -15.1187
7.84064 -12.2899 -15.1002
7.83754 -12.2373 -15.0816
7.84396 -12.1837 -15.0624
7.86269 -12.1297 -15.0414
7.89419 -12.0763 -15.0173
7.9361 -12.0244 -14.9886
7.98424 -11.9741 -14.9544
8.03427 -11.9254 -14.9147
8.0828 -11.878 -14.8705
8.12775 -11.8321 -14.8233
8.1684 -11.7879 -14.7744
8.27838 -11.6632 -14.625
8.31873 -11.6238 -14.575
8.36273 -11.5864 -14.525
8.4096 -11.5517 -14.475
8.55796 -11.4566 -14.325
8.76184 -11.3289 -14.125
8.85816 -11.2692 -14.025
8.94075 -11.212 -13.925
9.0119 -11.1525 -13.825
9.07793 -11.0878 -13.725
9.1094 -11.0526 -13.6749
9.13941 -11.0148 -13.6248
9.1675 -10.9737 -13.5744
9.19327 -10.9295 -13.5236
9.21648 -10.8829 -13.4719
9.2371 -10.8346 -13.4196
9.27096 -10.7351 -13.3144
9.28378 -10.6842 -13.2632
9.29304 -10.633 -13.2132
9.29837 -10.5819 -13.1642
9.30034 -10.4832 -13.0679
9.3011 -10.4381 -13.0201
9.30468 -10.3972 -12.972
9.31195 -10.3611 -12.9234
9.32213 -10.3294 -12.8743
9.33352 -10.3011 -12.8247
9.35432 -10.2491 -12.7249
9.37055 -10.1933 -12.6247
9.38418 -10.1272 -12.5232
9.39613 -10.0517 -12.4199
9.40049 -10.0104 -12.3685
9.40243 -9.96618 -12.318
9.40133 -9.91964 -12.2687
9.39175 -9.82726 -12.172
9.38503 -9.7854 -12.1234
9.37748 -9.74716 -12.0742
9.35929 -9.67643 -11.9742
9.33786 -9.60197 -11.8723
9.3258 -9.56024 -11.821
9.31218 -9.51518 -11.77
9.26641 -9.37633 -11.6221
9.25468 -9.33769 -11.5734
9.24672 -9.30539 -11.5242
9.24196 -9.27842 -11.4746
9.23886 -9.25498 -11.4246
9.22996 -9.21303 -11.3232
9.22087 -9.19244 -11.2716
9.2072 -9.17037 -11.2194
9.18863 -9.14542 -11.1668
9.16538 -9.11706 -11.1142
9.13788 -9.08572 -11.0621
9.10629 -9.05205 -11.0115
9.07067 -9.016 -10.9634
9.03137 -8.97694 -10.9189
8.98909 -8.93445 -10.8776
8.94437 -8.88887 -10.8386
8.89754 -8.84108 -10.801
8.79959 -8.74235 -10.7294
8.70128 -8.64248 -10.6639
8.65277 -8.59249 -10.6338
8.60426 -8.54249 -10.6059
8.50694 -8.44249 -10.5573
8.41279 -8.34249 -10.5163
8.27692 -8.19249 -10.457
8.18165 -8.09249 -10.4179
8.0829 -7.99249 -10.3846
7.98467 -7.89249 -10.358
7.93739 -7.84249 -10.3467
7.84895 -7.74244 -10.3268
7.80735 -7.69235 -10.3157
7.76636 -7.64212 -10.3005
7.72531 -7.59177 -10.2788
7.68451 -7.54165 -10.2492
7.64542 -7.49292 -10.2122
7.61019 -7.44793 -10.1694
7.58094 -7.40973 -10.1229
7.55881 -7.38082 -10.0743
7.54322 -7.36176 -10.0248
7.53192 -7.35098 -9.97495
7.52223 -7.34584 -9.92498
7.50238 -7.34391 -9.825
7.4849 -7.34758 -9.725
7.47327 -7.35448 -9.625
7.47021 -7.35675 -9.575
7.47005 -7.35632 -9.525
7.4733 -7.35237 -9.475
7.47959 -7.34521 -9.425
7.49599 -7.32813 -9.325
7.50398 -7.32266 -9.275
7.51212 -7.32141 -9.225
7.52165 -7.32474 -9.175
7.53365 -7.33188 -9.125
7.57794 -7.3635 -8.975
7.58937 -7.37552 -8.925
7.59728 -7.38867 -8.875
7.61362 -7.43473 -8.725
7.62164 -7.44945 -8.675
7.63906 -7.47221 -8.575
7.64472 -7.47997 -8.525
7.64693 -7.48549 -8.475
7.64635 -7.48903 -8.425
7.64492 -7.49194 -8.325
7.64807 -7.49231 -8.275
7.67037 -7.49235 -8.125
7.68037 -7.49127 -8.025
7.68525 -7.48641 -7.925
7.68918 -7.47455 -7.825
7.68965 -7.45673 -7.725
7.68587 -7.43642 -7.625
7.67807 -7.41545 -7.525
7.665 -7.39384 -7.425
7.64813 -7.36943 -7.325
7.62481 -7.34156 -7.225
7.59084 -7.31175 -7.12499
7.54553 -7.27994 -7.02489
7.49083 -7.24224 -6.92414
7.43141 -7.1933 -6.82149
7.36561 -7.13542 -6.71759
7.32753 -7.10603 -6.66653
7.28547 -7.0782 -6.61671
7.24065 -7.05309 -6.56804
7.19526 -7.0315 -6.52
7.15143 -7.0139 -6.47193
7.1102 -7.00033 -6.42339
6.99216 -6.97204 -6.27485
6.90368 -6.94878 -6.17435
6.70742 -6.89045 -5.96483
6.60697 -6.85708 -5.8604
6.55611 -6.8408 -5.81125
6.50438 -6.82657 -5.76384
6.45161 -6.81545 -5.71704
6.39806 -6.80791 -5.66964
6.34464 -6.80368 -5.62079
6.29252 -6.80171 -5.57013
6.19441 -6.79725 -5.46412
6.14758 -6.79149 -5.40988
6.10095 -6.78275 -5.35588
6.00564 -6.75958 -5.25185
5.90722 -6.73475 -5.15784
5.85742 -6.72284 -5.11622
5.7575 -6.70129 -5.04446
5.60751 -6.67416 -4.95068
5.50751 -6.66015 -4.89048
5.40751 -6.65095 -4.83517
5.30751 -6.63993 -4.78433
5.20751 -6.62012 -4.73692
5.05751 -6.5855 -4.67143
4.95751 -6.56822 -4.62935
4.90751 -6.56236 -4.60912
4.80751 -6.55594 -4.56858
4.75751 -6.55458 -4.54575
4.70751 -6.55398 -4.51954
4.50751 -6.55349 -4.39472
4.45751 -6.55505 -4.36591
4.40751 -6.55887 -4.33952
4.35751 -6.56547 -4.31525
4.20751 -6.5942 -4.24948
4.10751 -6.60789 -4.21063
4.0075 -6.61677 -4.17591
3.80751 -6.63328 -4.11162
3.70751 -6.63986 -4.08225
3.65751 -6.63967 -4.06796
3.50751 -6.63178 -4.02517
3.35751 -6.62715 -3.98467
3.25751 -6.62401 -3.96343
3.20751 -6.62501 -3.95592
3.00751 -6.63963 -3.93853
2.85751 -6.64497 -3.91994
2.60751 -6.663 -3.87656
2.50751 -6.66482 -3.85693
2.45751 -6.66338 -3.84439
2.35751 -6.65598 -3.81658
2.25751 -6.64253 -3.79181
2.10751 -6.61552 -3.76473
2.05751 -6.60998 -3.75878
2.00751 -6.60881 -3.75465
1.95751 -6.61218 -3.75216
1.80751 -6.63271 -3.74993
1.75751 -6.63646 -3.74961
1.70751 -6.63712 -3.74916
1.60751 -6.62965 -3.7482
1.50751 -6.61596 -3.75037
1.45751 -6.61038 -3.75385
1.35751 -6.60467 -3.76386
1.25751 -6.60146 -3.77161
1.15751 -6.60146 -3.77439
1.10751 -6.6042 -3.77463
1.00751 -6.61318 -3.77327
0.907508 -6.62406 -3.76677
0.807508 -6.63867 -3.75261
0.707508 -6.6568 -3.73635
0.657508 -6.66738 -3.72989
0.607508 -6.67958 -3.72473
0.507505 -6.70958 -3.71597
0.357505 -6.76407 -3.70075
0.257505 -6.79614 -3.68895
0.207505 -6.8084 -3.68309
0.057505 -6.83915 -3.6675
-0.042495 -6.86508 -3.65943
-0.092495 -6.88096 -3.65677
-0.242494 -6.93471 -3.65545
-0.342494 -6.96567 -3.65669
-0.442494 -6.98772 -3.65788
-0.492494 -6.99693 -3.6607
-0.542494 -7.0066 -3.66587
-0.642494 -7.03009 -3.679
-0.692494 -7.04349 -3.68317
-0.742494 -7.05687 -3.68389
-0.792494 -7.06928 -3.6811
-0.842494 -7.0802 -3.67565
-0.992493 -7.11118 -3.65641
-1.04249 -7.12507 -3.65243
-1.09249 -7.14157 -3.65049
-1.14249 -7.1604 -3.651
-1.19249 -7.18157 -3.65459
-1.24249 -7.20549 -3.66174
-1.29249 -7.23242 -3.67235
-1.39249 -7.29358 -3.70087
-1.69249 -7.4901 -3.7989
-1.74249 -7.5198 -3.81398
-1.79249 -7.54608 -3.82772
-1.84249 -7.56773 -3.83991
-1.89249 -7.58449 -3.85095
-1.94249 -7.59724 -3.86183
-2.04249 -7.61693 -3.887
-2.14249 -7.63831 -3.91922
-2.24249 -7.66593 -3.9597
-2.39249 -7.71396 -4.03241
-2.49249 -7.74758 -4.07806
-2.54249 -7.76669 -4.09867
-2.64249 -7.81412 -4.13837
-2.79249 -7.8981 -4.197
-2.89249 -7.95407 -4.23276
-2.94249 -7.97977 -4.24988
-3.04249 -8.02396 -4.28427
-3.19251 -8.08342 -4.34243
-3.29267 -8.12255 -4.38846
-3.39339 -8.15617 -4.43833
-3.49452 -8.18967 -4.49385
-3.54474 -8.20998 -4.52613
-3.59452 -8.23324 -4.56247
-3.64398 -8.25859 -4.60267
-3.74294 -8.30934 -4.6909
-3.79267 -8.33147 -4.73748
-3.84255 -8.35012 -4.78548
-3.9425 -8.37781 -4.8852
-4.04249 -8.39541 -4.98355
-4.09249 -8.40047 -5.02896
-4.1425 -8.40358 -5.07109
-4.2426 -8.41079 -5.14984
-4.2928 -8.41889 -5.19023
-4.34315 -8.43174 -5.23317
-4.39351 -8.44979 -5.27882
-4.44326 -8.4729 -5.32654
-4.49111 -8.50002 -5.37554
-4.53533 -8.52918 -5.42516
-4.57455 -8.55794 -5.47504
-4.60855 -8.58433 -5.52501
-4.63822 -8.60731 -5.575
-4.66501 -8.62681 -5.625
-4.7144 -8.65843 -5.725
-4.75958 -8.68667 -5.825
-4.79774 -8.71338 -5.925
-4.81392 -8.72431 -5.975
-4.82846 -8.73245 -6.025
-4.85427 -8.74043 -6.125
-4.87726 -8.7417 -6.225
-4.89695 -8.73891 -6.32501
-4.91547 -8.72954 -6.42513
-4.9235 -8.72161 -6.47547
-4.92945 -8.71146 -6.52652
-4.93451 -8.68414 -6.63475
-4.9366 -8.63149 -6.82612
-4.93947 -8.61587 -6.89312
-4.94422 -8.60328 -6.95691
-4.95094 -8.59356 -7.01615
-4.97727 -8.57211 -7.17459
-4.98838 -8.55929 -7.27497
-4.99125 -8.54902 -7.375
-4.99058 -8.54594 -7.425
-4.98508 -8.54452 -7.52499
-4.98069 -8.54655 -7.57497
-4.97669 -8.55161 -7.62488
-4.9747 -8.56146 -7.67462
-4.97549 -8.57819 -7.72395
-4.97836 -8.60349 -7.77251
-4.98149 -8.63769 -7.81977
-4.98299 -8.67924 -7.8651
-4.98197 -8.72476 -7.90762
-4.97792 -8.80873 -7.97901
-4.98202 -8.83768 -8.00557
-4.9955 -8.85423 -8.02622
-5.01995 -8.85917 -8.04265
-5.05396 -8.85578 -8.05685
-5.13545 -8.83998 -8.08542
-5.17491 -8.83426 -8.10347
-5.21028 -8.83408 -8.12647
-5.24188 -8.84205 -8.15549
-5.27207 -8.85897 -8.19062
-5.3402 -8.91102 -8.27531
-5.38099 -8.93918 -8.32221
-5.42524 -8.96512 -8.37072
-5.47091 -8.98771 -8.42017
-5.51601 -9.00697 -8.47012
-5.59912 -9.03862 -8.57092
-5.67271 -9.06879 -8.67275
-5.70894 -9.08719 -8.72354
-5.74689 -9.11042 -8.77383
-5.7877 -9.14003 -8.82343
-5.83184 -9.17651 -8.87204
-5.87918 -9.21907 -8.91906
-5.92917 -9.26606 -8.96338
-5.98083 -9.31581 -9.00346
-6.03284 -9.36709 -9.03796
-6.08385 -9.41924 -9.06669
-6.13301 -9.47205 -9.09079
-6.22643 -9.5795 -9.13033
-6.27222 -9.6336 -9.14604
-6.31797 -9.68717 -9.15811
-6.36296 -9.73975 -9.16626
-6.40563 -9.79128 -9.17103
-6.44423 -9.84203 -9.17343
-6.47764 -9.89234 -9.17446
-6.50587 -9.94244 -9.17484
-6.59707 -10.1425 -9.175
-6.62208 -10.1925 -9.17502
-6.73313 -10.3925 -9.17712
-6.75821 -10.4425 -9.18015
-6.78115 -10.4925 -9.18587
-6.80293 -10.5425 -9.19511
-6.82483 -10.5925 -9.20808
-6.84769 -10.6425 -9.22431
-6.87152 -10.6925 -9.24304
-6.91966 -10.7925 -9.28556
-6.96338 -10.8925 -9.33225
-6.99928 -10.9925 -9.3829
-7.01458 -11.0425 -9.411
-7.02849 -11.0925 -9.44197
-7.04155 -11.1424 -9.47673
-7.05456 -11.1923 -9.51611
-7.06831 -11.242 -9.56045
-7.08302 -11.291 -9.60929
-7.11341 -11.3854 -9.71511
-7.14363 -11.47 -9.82181
-7.15907 -11.5072 -9.87358
-7.1889 -11.5707 -9.97482
-7.21184 -11.6246 -10.075
-7.21944 -11.6503 -10.1249
-7.22911 -11.7017 -10.2243
-7.23312 -11.7292 -10.2735
-7.23758 -11.7602 -10.3218
-7.24244 -11.7963 -10.3693
-7.24683 -11.8384 -10.4161
-7.24985 -11.936 -10.5105
-7.24812 -11.988 -10.5602
-7.24132 -12.0913 -10.6654
-7.23105 -12.1921 -10.7718
-7.21617 -12.29 -10.8745
-7.19694 -12.38 -10.9749
-7.18547 -12.4196 -11.0249
-7.15808 -12.4885 -11.1241
-7.12578 -12.5551 -11.2213
-7.10841 -12.5926 -11.2692
-7.05167 -12.7235 -11.4159
-7.01194 -12.8092 -11.5195
-6.99186 -12.8476 -11.5716
-6.95135 -12.9163 -11.6742
-6.90925 -12.9773 -11.7749
-6.88587 -13.0049 -11.825
-6.86025 -13.0298 -11.875
-6.83281 -13.0511 -11.925
-6.80452 -13.0679 -11.975
-6.77649 -13.0799 -12.025
-6.74957 -13.0878 -12.075
-6.67355 -13.1054 -12.225
-6.61524 -13.1217 -12.325
-6.58151 -13.1294 -12.375
-6.54465 -13.1353 -12.425
-6.50445 -13.139 -12.475
-6.41464 -13.142 -12.575
-6.26721 -13.143 -12.725
-6.16652 -13.1469 -12.8248
-6.11602 -13.1529 -12.8743
-6.06633 -13.1645 -12.9231
-6.01928 -13.1838 -12.9703
-5.97762 -13.2125 -13.0146
-5.94413 -13.2499 -13.0546
-5.92033 -13.2941 -13.089
-5.90565 -13.3423 -13.1171
-5.89787 -13.392 -13.1394
-5.89428 -13.4422 -13.1571
-5.89151 -13.5425 -13.1832
-5.88735 -13.6425 -13.2016
-5.87965 -13.7425 -13.2219
-5.87589 -13.7925 -13.2358
-5.86744 -13.9925 -13.3009
-5.85029 -14.1925 -13.3532
-5.84558 -14.3425 -13.4044
-5.84135 -14.4425 -13.4337
-5.83704 -14.4925 -13.4449
-5.82301 -14.5925 -13.464
-5.80532 -14.6925 -13.486
-5.79742 -14.7425 -13.4995
-5.77039 -14.9425 -13.5612
-5.74464 -15.0925 -13.6043
-5.73809 -15.1425 -13.6183
-5.72166 -15.3425 -13.6701
-5.71352 -15.4925 -13.7018
-5.71106 -15.5425 -13.7091
-5.70714 -15.5925 -13.7135
-5.69313 -15.6925 -13.7168
-5.67612 -15.7925 -13.7218
-5.64695 -15.9925 -13.7422
-5.62753 -16.0925 -13.7487
-5.55838 -16.3925 -13.7642
-5.51639 -16.5425 -13.7646
-5.48346 -16.6425 -13.7656
-5.39921 -16.8925 -13.7751
-5.3639 -16.9925 -13.7775
-5.32387 -17.0925 -13.7785
-5.25949 -17.2425 -13.7777
-5.2396 -17.2925 -13.7794
-5.20293 -17.3925 -13.7876
-5.13068 -17.5925 -13.8093
-5.09822 -17.6925 -13.8252
-5.08286 -17.7425 -13.8362
-5.05318 -17.8425 -13.8635
-5.01208 -17.9925 -13.9103
-4.97105 -18.1425 -13.9621
-4.94089 -18.2425 -13.9977
-4.90791 -18.3425 -14.0286
-4.87131 -18.4425 -14.0525
-4.82999 -18.5425 -14.0728
-4.78356 -18.6425 -14.0939
-4.73139 -18.7425 -14.1144
-4.64516 -18.8925 -14.1422
-4.5806 -18.9925 -14.1607
-4.50657 -19.0925 -14.1802
-4.34668 -19.2925 -14.2188
-4.2652 -19.3924 -14.2315
-4.18334 -19.4921 -14.2374
-4.09906 -19.5897 -14.2374
-4.05324 -19.6368 -14.2363
-4.00431 -19.6822 -14.2358
-3.95285 -19.7256 -14.2374
-3.90006 -19.7668 -14.2418
-3.84715 -19.8058 -14.249
-3.74356 -19.8759 -14.2677
-3.64262 -19.9368 -14.289
-3.5425 -19.9907 -14.3127
-3.44253 -20.0392 -14.3367
-3.343 -20.0836 -14.3576
-3.29399 -20.1064 -14.3646
-3.2463 -20.1323 -14.3687
-3.20103 -20.1635 -14.3699
-3.15943 -20.201 -14.369
-3.12253 -20.2444 -14.3666
-3.09061 -20.2919 -14.3634
-3.06283 -20.3415 -14.3599
-3.01281 -20.4422 -14.3547
-2.96085 -20.5424 -14.354
-2.90418 -20.6425 -14.3552
-2.83997 -20.7425 -14.3538
-2.80303 -20.7925 -14.3518
-2.71859 -20.8923 -14.3453
-2.67142 -20.9421 -14.3407
-2.62074 -20.9914 -14.3349
-2.56666 -21.0399 -14.3278
-2.45374 -21.1333 -14.3131
-2.39851 -21.1784 -14.3083
-2.34522 -21.2229 -14.3071
-2.29353 -21.2668 -14.3099
-2.24283 -21.3099 -14.3165
-2.14251 -21.3923 -14.3377
-2.04249 -21.4686 -14.3638
-1.99249 -21.5041 -14.378
-1.89249 -21.5693 -14.408
-1.84249 -21.5985 -14.4228
-1.74249 -21.6485 -14.4491
-1.69249 -21.6688 -14.4595
-1.64249 -21.6863 -14.4675
-1.59249 -21.7015 -14.4731
-1.44249 -21.7418 -14.4819
-1.34249 -21.77 -14.4904
-1.19249 -21.813 -14.5102
-0.992492 -21.8652 -14.5333
-0.792494 -21.9199 -14.5598
-0.592494 -21.9625 -14.5928
-0.392494 -22.0037 -14.6316
-0.292494 -22.0208 -14.6429
-0.192495 -22.0321 -14.6466
-0.042495 -22.0399 -14.6535
0.00750501 -22.0403 -14.6586
0.107505 -22.0385 -14.6752
0.207505 -22.0343 -14.6985
0.257505 -22.0308 -14.7124
0.407505 -22.0151 -14.7611
0.457505 -22.0104 -14.7741
0.507505 -22.0076 -14.7825
0.557505 -22.0074 -14.7861
0.657508 -22.0146 -14.7841
0.707508 -22.0211 -14.7821
0.807508 -22.0387 -14.7811
0.907508 -22.056 -14.7865
1.00751 -22.0649 -14.8006
1.10751 -22.0672 -14.8157
1.15751 -22.0673 -14.8204
1.25751 -22.0668 -14.8243
1.35751 -22.0629 -14.8249
1.45751 -22.0511 -14.825
1.60751 -22.027 -14.8251
1.65751 -22.0224 -14.8254
1.75751 -22.0195 -14.8276
1.85751 -22.0204 -14.8341
1.95751 -22.0168 -14.8439
2.15751 -21.9922 -14.8675
2.30751 -21.982 -14.8866
2.35751 -21.9762 -14.8905
2.40751 -21.9672 -14.893
2.45751 -21.9553 -14.8944
2.55751 -21.9262 -14.8975
2.65751 -21.8977 -14.9053
2.70751 -21.8856 -14.9113
2.85751 -21.8541 -14.9336
2.90751 -21.8409 -14.9416
3.10751 -21.7779 -14.9728
3.30751 -21.7262 -15.0066
3.35751 -21.7108 -15.0148
3.45751 -21.6752 -15.0331
3.55751 -21.6379 -15.057
3.70751 -21.5848 -15.0994
3.80751 -21.5417 -15.1283
3.90751 -21.491 -15.1514
4.05751 -21.4108 -15.1764
4.15751 -21.3526 -15.1977
4.25751 -21.2931 -15.2267
4.35751 -21.2353 -15.2607
4.45751 -21.1811 -15.2956
4.55751 -21.1319 -15.3253
4.60751 -21.1107 -15.3365
4.65751 -21.0923 -15.345
4.70751 -21.0763 -15.3509
4.85751 -21.0329 -15.3614
4.95751 -21.0001 -15.3721
5.10751 -20.9444 -15.3921
5.20751 -20.901 -15.4017
5.25751 -20.8753 -15.4053
5.35751 -20.816 -15.4116
5.60751 -20.6513 -15.4255
5.70751 -20.5835 -15.4357
5.75751 -20.5498 -15.4435
5.85751 -20.481 -15.4641
5.9575 -20.4038 -15.4903
6.0574 -20.3142 -15.5222
6.15651 -20.2157 -15.5581
6.2525 -20.1121 -15.5909
6.34243 -20.0046 -15.6202
6.42546 -19.8971 -15.6553
6.57605 -19.6926 -15.7416
6.61124 -19.6426 -15.7608
6.67595 -19.5425 -15.7922
6.7313 -19.4425 -15.8149
6.77892 -19.3425 -15.8325
6.82229 -19.2425 -15.8508
6.86076 -19.1425 -15.8724
6.89534 -19.0425 -15.8939
6.92645 -18.9425 -15.9108
6.95238 -18.8425 -15.924
6.9754 -18.7425 -15.9382
6.98603 -18.6925 -15.947
7.00485 -18.5925 -15.9694
7.01505 -18.5426 -15.9822
7.02903 -18.4927 -15.9945
7.04968 -18.4433 -16.0049
7.07879 -18.3947 -16.0127
7.11624 -18.348 -16.0174
7.16012 -18.3043 -16.0191
7.20785 -18.2647 -16.0182
7.25733 -18.2293 -16.0153
7.40745 -18.133 -16.0045
7.45738 -18.0968 -16.0022
7.50711 -18.0563 -16.0006
7.55641 -18.0118 -15.999
7.60483 -17.964 -15.9969
7.69666 -17.8617 -15.9897
7.77814 -17.7544 -15.9808
7.84934 -17.6471 -15.9737
7.91423 -17.5435 -15.965
7.97158 -17.4426 -15.951
7.99615 -17.3926 -15.9422
8.03652 -17.2925 -15.9246
8.05282 -17.2425 -15.918
8.07894 -17.1425 -15.9103
8.09749 -17.0425 -15.9049
8.12787 -16.8425 -15.8974
8.14449 -16.7425 -15.8976
8.15518 -16.6425 -15.8983
8.16627 -16.4925 -15.8924
8.18979 -16.1925 -15.8669
8.19899 -16.0925 -15.8607
8.20342 -16.0425 -15.8615
8.2075 -15.9925 -15.8664
8.21158 -15.9425 -15.8755
8.22521 -15.7925 -15.9093
8.22912 -15.7425 -15.9158
8.2325 -15.6925 -15.9187
8.23588 -15.6425 -15.9183
8.24858 -15.4925 -15.9075
8.25485 -15.3925 -15.902
8.25667 -15.2925 -15.9006
8.25485 -15.1925 -15.902
8.23435 -14.8925 -15.9224
8.23137 -14.7925 -15.9245
8.22633 -14.6925 -15.9244
8.21356 -14.5425 -15.9187
8.20537 -14.3925 -15.9048
8.1981 -14.2925 -15.8979
8.17285 -14.0925 -15.8967
8.16512 -14.0425 -15.8934
8.14757 -13.9425 -15.8781
8.10005 -13.6925 -15.8299
8.07512 -13.5425 -15.7961
8.06355 -13.4425 -15.7666
8.05872 -13.3425 -15.734
8.0575 -13.1925 -15.6887
8.05607 -13.0425 -15.649
8.05024 -12.9425 -15.624
8.03623 -12.8425 -15.6013
8.00759 -12.6925 -15.5625
7.98584 -12.5925 -15.5334
7.95732 -12.4924 -15.4996
7.90943 -12.3409 -15.4399
7.89751 -12.289 -15.4199
7.89158 -12.2359 -15.3999
7.89478 -12.1818 -15.3797
7.90964 -12.1274 -15.3587
7.93707 -12.0736 -15.3359
7.9759 -12.0211 -15.3102
8.02336 -11.9701 -15.28
8.07583 -11.9205 -15.2448
8.12972 -11.8718 -15.2049
8.18207 -11.8233 -15.1614
8.23102 -11.7752 -15.1157
8.276 -11.7287 -15.0685
8.31746 -11.6854 -15.0198
8.35672 -11.6464 -14.9697
8.43607 -11.5769 -14.8663
8.47914 -11.5426 -14.814
8.57221 -11.4719 -14.7102
8.66935 -11.403 -14.6079
8.76897 -11.3367 -14.5081
8.97528 -11.2051 -14.318
9.02395 -11.1743 -14.2709
9.06884 -11.1453 -14.2229
9.1097 -11.1186 -14.1741
9.18321 -11.0678 -14.0749
9.2182 -11.0398 -14.025
9.25275 -11.0079 -13.975
9.28657 -10.9714 -13.925
9.31885 -10.9306 -13.875
9.34863 -10.8864 -13.825
9.37518 -10.8397 -13.775
9.39819 -10.7913 -13.725
9.41776 -10.7421 -13.675
9.44819 -10.6424 -13.575
9.46959 -10.5429 -13.475
9.48429 -10.4484 -13.375
9.49093 -10.406 -13.325
9.49862 -10.3681 -13.275
9.50826 -10.3342 -13.225
9.52013 -10.3037 -13.175
9.53395 -10.2757 -13.125
9.56462 -10.227 -13.025
9.60737 -10.1666 -12.875
9.61859 -10.1438 -12.825
9.62778 -10.1172 -12.775
9.63518 -10.0868 -12.725
9.64134 -10.0532 -12.675
9.65204 -9.97659 -12.575
9.65958 -9.88717 -12.475
9.66026 -9.83953 -12.425
9.65375 -9.7463 -12.3249
9.64244 -9.66275 -12.2242
9.62974 -9.5886 -12.1214
9.60995 -9.51436 -12.016
9.59651 -9.47345 -11.9631
9.56505 -9.38302 -11.8601
9.49729 -9.18998 -11.6675
9.48399 -9.14548 -11.6204
9.47377 -9.1062 -11.5726
9.46586 -9.07326 -11.5239
9.45859 -9.04629 -11.4746
9.45036 -9.0237 -11.4248
9.42764 -8.98265 -11.3246
9.39541 -8.93566 -11.2228
9.37503 -8.90838 -11.1707
9.35053 -8.87875 -11.118
9.3209 -8.84678 -11.0657
9.28621 -8.81209 -11.0152
9.24778 -8.77413 -10.968
9.2071 -8.7326 -10.9245
9.1647 -8.68781 -10.8843
9.12019 -8.64056 -10.8465
9.0734 -8.5918 -10.8106
9.02495 -8.54228 -10.777
8.92696 -8.44247 -10.7169
8.78108 -8.29239 -10.638
8.63337 -8.14073 -10.5629
8.43859 -7.93245 -10.4666
8.24245 -7.73134 -10.3703
8.14899 -7.63253 -10.3263
8.10468 -7.58426 -10.3084
8.06168 -7.53611 -10.2946
8.01915 -7.48702 -10.2849
7.88917 -7.33282 -10.2648
7.84902 -7.28462 -10.252
7.81513 -7.24327 -10.2313
7.78982 -7.21154 -10.2018
7.77344 -7.19017 -10.1642
7.76435 -7.17773 -10.1206
7.76002 -7.17153 -10.0735
7.75819 -7.16894 -10.0245
7.75642 -7.16846 -9.92497
7.75216 -7.17205 -9.825
7.74828 -7.17595 -9.775
7.73947 -7.18761 -9.675
7.73711 -7.19425 -9.625
7.73807 -7.20087 -9.575
7.74337 -7.20769 -9.525
7.75301 -7.21528 -9.475
7.79335 -7.24431 -9.325
7.83022 -7.27563 -9.175
7.84326 -7.28338 -9.125
7.86954 -7.29382 -9.02501
7.88964 -7.30573 -8.925
7.90217 -7.32683 -8.825
7.92185 -7.36535 -8.675
7.93439 -7.38443 -8.575
7.93986 -7.39782 -8.475
7.94413 -7.40851 -8.325
7.94931 -7.40875 -8.225
7.95214 -7.4063 -8.175
7.95554 -7.39357 -8.075
7.95982 -7.3621 -7.925
7.96602 -7.34299 -7.825
7.96646 -7.32387 -7.725
7.95884 -7.29947 -7.625
7.94622 -7.27221 -7.525
7.91716 -7.23257 -7.375
7.87851 -7.18977 -7.225
7.84698 -7.15779 -7.125
7.80797 -7.12226 -7.025
7.78389 -7.1029 -6.97499
7.75602 -7.08206 -6.92498
7.72472 -7.05909 -6.87494
7.65566 -7.00421 -6.77438
7.58098 -6.93944 -6.67172
7.49698 -6.87304 -6.56662
7.45061 -6.84179 -6.51495
7.40141 -6.81289 -6.4651
7.3498 -6.78684 -6.41698
7.29672 -6.76402 -6.36963
7.24357 -6.7447 -6.32201
7.19169 -6.72882 -6.27356
7.14179 -6.71574 -6.22425
7.04685 -6.69315 -6.12323
6.9053 -6.65601 -5.96388
6.85654 -6.64047 -5.9102
6.80714 -6.62265 -5.85855
6.75736 -6.60313 -5.8104
6.70737 -6.58318 -5.76649
6.65715 -6.56418 -5.72662
6.55542 -6.53294 -5.65434
6.50349 -6.5218 -5.61918
6.4509 -6.51399 -5.58304
6.39817 -6.50923 -5.54473
6.34612 -6.50657 -5.50319
6.29548 -6.50456 -5.4579
6.2465 -6.50168 -5.40916
6.19877 -6.49693 -5.35807
6.10397 -6.48089 -5.25531
6.05572 -6.47025 -5.20683
5.95722 -6.44663 -5.11993
5.8075 -6.41174 -5.00489
5.65751 -6.38362 -4.89757
5.55751 -6.3674 -4.83186
5.45751 -6.35294 -4.77522
5.35751 -6.33801 -4.72618
5.20751 -6.31035 -4.655
5.05751 -6.28241 -4.59021
4.95751 -6.26672 -4.55134
4.80751 -6.25451 -4.49588
4.70751 -6.2508 -4.45354
4.65751 -6.24926 -4.42758
4.55751 -6.2464 -4.3669
4.45751 -6.24733 -4.30353
4.40751 -6.25127 -4.27391
4.35751 -6.25827 -4.24654
4.30751 -6.268 -4.22127
4.20751 -6.29004 -4.17514
4.15751 -6.29955 -4.15426
4.05751 -6.31564 -4.11887
3.90751 -6.33584 -4.07368
3.80751 -6.34229 -4.041
3.65751 -6.3454 -3.99071
3.50751 -6.34227 -3.94732
3.30751 -6.3292 -3.90163
3.25751 -6.32692 -3.89199
3.20751 -6.32694 -3.8844
3.15751 -6.32929 -3.87907
3.00751 -6.34155 -3.86688
2.95751 -6.34535 -3.86021
2.75751 -6.36159 -3.8221
2.60751 -6.37921 -3.79171
2.55751 -6.38254 -3.78014
2.50751 -6.38251 -3.76801
2.45751 -6.37885 -3.7559
2.35751 -6.36333 -3.73367
2.15751 -6.32536 -3.69491
2.05751 -6.31091 -3.68167
2.00751 -6.30839 -3.67817
1.95751 -6.31002 -3.67631
1.75751 -6.33333 -3.67501
1.70751 -6.33503 -3.67501
1.65751 -6.33342 -3.67504
1.50751 -6.31577 -3.67631
1.40751 -6.30616 -3.68168
1.30751 -6.3013 -3.69503
1.15751 -6.29808 -3.72332
1.10751 -6.30069 -3.7313
1.05751 -6.30598 -3.73693
1.00751 -6.31342 -3.73911
0.957508 -6.32179 -3.7372
0.907508 -6.32962 -3.73142
0.857508 -6.33602 -3.72263
0.757508 -6.34623 -3.70016
0.657508 -6.36243 -3.67701
0.607508 -6.37528 -3.66643
0.507505 -6.40781 -3.64773
0.407505 -6.44256 -3.63322
0.207505 -6.50844 -3.60891
0.107505 -6.53434 -3.59391
-0.042495 -6.56589 -3.57725
-0.142495 -6.59274 -3.57227
-0.342494 -6.65782 -3.56994
-0.392494 -6.67225 -3.56995
-0.542494 -6.70772 -3.57048
-0.592494 -6.72127 -3.57185
-0.742494 -6.77069 -3.57551
-0.792494 -6.78512 -3.57367
-0.842494 -6.79647 -3.56964
-0.992493 -6.82182 -3.55151
-1.04249 -6.83317 -3.54689
-1.14249 -6.86294 -3.54324
-1.19249 -6.88003 -3.54417
-1.29249 -6.91693 -3.55035
-1.39249 -6.9598 -3.56336
-1.44249 -6.98523 -3.57369
-1.54249 -7.0443 -3.60127
-1.74249 -7.17438 -3.66689
-1.84249 -7.23468 -3.70129
-1.89249 -7.26085 -3.71908
-1.94249 -7.28343 -3.73708
-1.99249 -7.30226 -3.75472
-2.04249 -7.31771 -3.77144
-2.19249 -7.35322 -3.8197
-2.24249 -7.36502 -3.83959
-2.29249 -7.37799 -3.8628
-2.49249 -7.43782 -3.96539
-2.54249 -7.4532 -3.98663
-2.59249 -7.46946 -4.00461
-2.64249 -7.488 -4.01978
-2.69249 -7.51008 -4.03328
-2.79249 -7.56412 -4.06009
-2.89249 -7.62105 -4.09024
-2.99249 -7.67545 -4.1255
-3.09249 -7.72985 -4.16413
-3.19249 -7.78007 -4.2006
-3.34249 -7.84465 -4.25653
-3.44249 -7.88242 -4.29445
-3.54251 -7.91741 -4.334
-3.59255 -7.93601 -4.35711
-3.64267 -7.95627 -4.38347
-3.74339 -8.00241 -4.44574
-3.84452 -8.0541 -4.51827
-3.89474 -8.07994 -4.55828
-3.94452 -8.10439 -4.60104
-3.99398 -8.12662 -4.64616
-4.04339 -8.14602 -4.6927
-4.09294 -8.16222 -4.73934
-4.1427 -8.17517 -4.78462
-4.19264 -8.18509 -4.8272
-4.24278 -8.19268 -4.86635
-4.34419 -8.20617 -4.93694
-4.39586 -8.21546 -4.97183
-4.44832 -8.2283 -5.00874
-4.50144 -8.24547 -5.04843
-4.55486 -8.26723 -5.09079
-4.60805 -8.29327 -5.13525
-4.66025 -8.32284 -5.18126
-4.71046 -8.35501 -5.22849
-4.75746 -8.38889 -5.27672
-4.8001 -8.42338 -5.32574
-4.8378 -8.45679 -5.37528
-4.87084 -8.48716 -5.42509
-4.90036 -8.51323 -5.47503
-4.9546 -8.5536 -5.575
-5.03182 -8.60023 -5.725
-5.07527 -8.62648 -5.825
-5.0933 -8.63837 -5.875
-5.12447 -8.65844 -5.975
-5.15294 -8.66966 -6.075
-5.16593 -8.67109 -6.125
-5.18669 -8.66746 -6.225
-5.20252 -8.65702 -6.32502
-5.21034 -8.64876 -6.3751
-5.2238 -8.62703 -6.47626
-5.22759 -8.6147 -6.52854
-5.23154 -8.57607 -6.70609
-5.23752 -8.5558 -6.8403
-5.24946 -8.54578 -6.96491
-5.28303 -8.54254 -7.17487
-5.28783 -8.54252 -7.22497
-5.29174 -8.54256 -7.325
-5.29207 -8.54322 -7.425
-5.2907 -8.54736 -7.525
-5.28951 -8.55263 -7.575
-5.2884 -8.56095 -7.625
-5.28787 -8.57232 -7.67499
-5.28832 -8.61738 -7.82453
-5.28433 -8.65189 -7.92062
-5.28165 -8.67072 -7.96425
-5.28114 -8.68982 -8.00211
-5.286 -8.70708 -8.03235
-5.29938 -8.71981 -8.05465
-5.32292 -8.72617 -8.07072
-5.35574 -8.72607 -8.08346
-5.43514 -8.71494 -8.10844
-5.4733 -8.71063 -8.12333
-5.50651 -8.71116 -8.14177
-5.53462 -8.71775 -8.16587
-5.55993 -8.73 -8.19715
-5.61682 -8.7648 -8.27931
-5.65321 -8.78345 -8.32652
-5.69445 -8.80105 -8.37546
-5.82394 -8.84764 -8.52501
-5.90067 -8.87919 -8.625
-5.96934 -8.91648 -8.72497
-6.00226 -8.93938 -8.77489
-6.03545 -8.96646 -8.82459
-6.07008 -8.99865 -8.87369
-6.10734 -9.03664 -8.92137
-6.14812 -9.08053 -8.96635
-6.19268 -9.12953 -9.00713
-6.2404 -9.18189 -9.04265
-6.28991 -9.23546 -9.07285
-6.33968 -9.28863 -9.09852
-6.38854 -9.34072 -9.12038
-6.43594 -9.3918 -9.13833
-6.4819 -9.44226 -9.15148
-6.52694 -9.49242 -9.15886
-6.57146 -9.54247 -9.16024
-6.61524 -9.59249 -9.1565
-6.65713 -9.64249 -9.14966
-6.69569 -9.69249 -9.14239
-6.72991 -9.74249 -9.13715
-6.75971 -9.79249 -9.13538
-6.78578 -9.84249 -9.1373
-6.8092 -9.89249 -9.14219
-6.87629 -10.0425 -9.16294
-6.90157 -10.0925 -9.16861
-6.98569 -10.2425 -9.18332
-7.01284 -10.2925 -9.19115
-7.03852 -10.3425 -9.20178
-7.06296 -10.3925 -9.21511
-7.10984 -10.4925 -9.24781
-7.20249 -10.6925 -9.32353
-7.24344 -10.7925 -9.36652
-7.26147 -10.8425 -9.39113
-7.27808 -10.8925 -9.41854
-7.29371 -10.9425 -9.44938
-7.30874 -10.9925 -9.4846
-7.32346 -11.0424 -9.52496
-7.33802 -11.092 -9.57038
-7.35254 -11.1412 -9.61964
-7.38113 -11.2359 -9.72258
-7.39492 -11.2799 -9.77384
-7.42275 -11.3585 -9.87484
-7.45256 -11.4235 -9.97498
-7.47914 -11.4799 -10.075
-7.48947 -11.5078 -10.125
-7.50575 -11.567 -10.2249
-7.51269 -11.6 -10.2748
-7.51907 -11.637 -10.3245
-7.52482 -11.6793 -10.3737
-7.52966 -11.7272 -10.4222
-7.53317 -11.7794 -10.4697
-7.53541 -11.9401 -10.6091
-7.532 -12.0923 -10.7526
-7.52013 -12.1911 -10.8514
-7.50058 -12.2852 -10.9539
-7.48942 -12.3284 -11.0072
-7.47717 -12.3682 -11.0614
-7.46344 -12.4044 -11.1159
-7.44828 -12.4372 -11.1697
-7.41543 -12.4954 -11.2739
-7.3809 -12.5501 -11.3748
-7.34343 -12.6106 -11.4747
-7.30418 -12.6831 -11.5738
-7.24735 -12.806 -11.722
-7.22918 -12.8429 -11.7723
-7.21096 -12.8756 -11.823
-7.19197 -12.9043 -11.8738
-7.14867 -12.9544 -11.9747
-7.12341 -12.9768 -12.0249
-7.09582 -12.9969 -12.075
-7.06678 -13.0141 -12.125
-7.03777 -13.028 -12.175
-7.01013 -13.0389 -12.225
-6.959 -13.055 -12.325
-6.90629 -13.068 -12.425
-6.87645 -13.0738 -12.475
-6.84282 -13.0791 -12.525
-6.80463 -13.0834 -12.575
-6.76188 -13.0868 -12.625
-6.66703 -13.0908 -12.725
-6.36748 -13.0936 -13.025
-6.3176 -13.0957 -13.0749
-6.26823 -13.101 -13.1247
-6.22023 -13.1118 -13.1741
-6.17513 -13.1308 -13.2224
-6.13487 -13.1597 -13.2684
-6.10104 -13.1979 -13.3107
-6.07423 -13.2429 -13.3477
-6.05391 -13.2917 -13.3787
-6.03898 -13.3418 -13.4042
-6.02816 -13.3921 -13.4251
-6.02005 -13.4423 -13.4423
-6.01322 -13.4924 -13.4563
-5.99354 -13.6425 -13.4864
-5.98392 -13.7425 -13.5096
-5.97743 -13.8925 -13.5564
-5.9591 -14.2425 -13.6749
-5.95462 -14.3425 -13.7024
-5.94813 -14.4425 -13.7209
-5.93438 -14.5925 -13.7455
-5.92336 -14.6925 -13.7711
-5.90365 -14.8425 -13.8151
-5.88538 -14.9925 -13.8514
-5.87924 -15.0925 -13.8749
-5.87626 -15.1925 -13.8975
-5.86749 -15.3425 -13.925
