6.41001 -71.0669 6.63093
6.40622 -71.0187 6.61798
6.40243 -70.9706 6.60504
6.39864 -70.9224 6.5921
6.39485 -70.8743 6.57916
6.39106 -70.8261 6.56622
6.38727 -70.778 6.55328
6.38348 -70.7298 6.54034
6.37969 -70.6817 6.5274
6.3759 -70.6335 6.51446
6.37211 -70.5854 6.50151
6.36833 -70.5372 6.48857
6.36454 -70.4891 6.47563
6.36075 -70.4409 6.46269
6.35696 -70.3928 6.44975
6.35317 -70.3446 6.43681
6.34938 -70.2965 6.42387
6.34559 -70.2483 6.41093
6.3418 -70.2002 6.39798
6.33801 -70.152 6.38504
6.33422 -70.1039 6.3721
6.33043 -70.0557 6.35916
6.32664 -70.0076 6.34622
6.32285 -69.9594 6.33328
6.31906 -69.9113 6.32034
6.31527 -69.8631 6.3074
6.31148 -69.815 6.29445
6.30769 -69.7668 6.28151
6.30391 -69.7187 6.26857
6.30012 -69.6706 6.25563
6.29633 -69.6224 6.24269
6.29254 -69.5743 6.22975
6.28875 -69.5261 6.21681
6.28496 -69.478 6.20387
6.28117 -69.4298 6.19092
6.27738 -69.3817 6.17798
6.27359 -69.3335 6.16504
6.2698 -69.2854 6.1521
6.26601 -69.2372 6.13916
6.26222 -69.1891 6.12622
6.25843 -69.1409 6.11328
6.25464 -69.0928 6.10034
6.25085 -69.0446 6.08739
6.24707 -68.9965 6.07445
6.24328 -68.9483 6.06151
6.23949 -68.9002 6.04857
6.2357 -68.852 6.03563
6.23191 -68.8039 6.02269
6.22812 -68.7557 6.00975
6.22433 -68.7076 5.99681
6.22054 -68.6594 5.98386
6.21675 -68.6113 5.97092
6.21296 -68.5631 5.95798
6.20917 -68.515 5.94504
6.20538 -68.4668 5.9321
6.20159 -68.4187 5.91916
6.1978 -68.3706 5.90622
6.19401 -68.3224 5.89328
6.19023 -68.2743 5.88033
6.18644 -68.2261 5.86739
6.18265 -68.178 5.85445
6.17886 -68.1298 5.84151
6.17507 -68.0817 5.82857
6.17128 -68.0335 5.81563
6.16749 -67.9854 5.80269
6.1637 -67.9372 5.78975
6.15991 -67.8891 5.77681
6.15612 -67.8409 5.76387
6.15233 -67.7928 5.75092
6.14854 -67.7446 5.73798
6.14475 -67.6965 5.72504
6.14096 -67.6483 5.7121
6.13717 -67.6002 5.69916
6.13338 -67.552 5.68622
6.1296 -67.5039 5.67328
6.12581 -67.4557 5.66034
6.12202 -67.4076 5.64739
6.11823 -67.3594 5.63445
6.11444 -67.3113 5.62151
6.11065 -67.2631 5.60857
6.10686 -67.215 5.59563
6.10307 -67.1668 5.58269
6.09928 -67.1187 5.56975
6.09549 -67.0705 5.55681
6.0917 -67.0224 5.54386
6.08791 -66.9742 5.53092
6.08412 -66.9261 5.51798
6.08033 -66.8779 5.50504
6.07654 -66.8298 5.4921
6.07275 -66.7816 5.47916
6.06897 -66.7335 5.46622
6.06518 -66.6853 5.45328
6.06139 -66.6372 5.44033
6.0576 -66.5891 5.42739
6.05381 -66.5409 5.41445
6.05002 -66.4928 5.40151
6.04623 -66.4446 5.38857
6.04244 -66.3965 5.37563
6.03865 -66.3483 5.36269
6.03486 -66.3002 5.34975
6.03107 -66.252 5.3368
6.02728 -66.2039 5.32386
6.02349 -66.1557 5.31092
6.0197 -66.1076 5.29798
6.01591 -66.0594 5.28504
6.01213 -66.0113 5.2721
6.00834 -65.9631 5.25916
6.00455 -65.915 5.24622
6.00076 -65.8668 5.23327
5.99697 -65.8187 5.22033
5.99318 -65.7705 5.20739
5.98939 -65.7224 5.19445
5.9856 -65.6742 5.18151
5.98181 -65.6261 5.16857
5.97802 -65.5779 5.15563
5.97423 -65.5298 5.14269
5.97044 -65.4816 5.12974
5.96665 -65.4335 5.1168
5.96286 -65.3853 5.10386
5.95907 -65.3372 5.09092
5.95528 -65.289 5.07798
5.9515 -65.2409 5.06504
5.94771 -65.1927 5.0521
5.94392 -65.1446 5.03916
5.94013 -65.0965 5.02622
5.93634 -65.0483 5.01327
5.93255 -65.0002 5.00033
5.92876 -64.952 4.98739
5.92497 -64.9039 4.97445
5.92118 -64.8557 4.96151
5.91739 -64.8076 4.94857
5.9136 -64.7594 4.93563
5.90981 -64.7113 4.92269
5.90602 -64.6631 4.90974
5.90223 -64.615 4.8968
5.89844 -64.5668 4.88386
5.89466 -64.5187 4.87092
5.89087 -64.4705 4.85798
5.88708 -64.4224 4.84504
5.88329 -64.3742 4.8321
5.8795 -64.3261 4.81916
5.87571 -64.2779 4.80621
5.87192 -64.2298 4.79327
5.86813 -64.1816 4.78033
5.86434 -64.1335 4.76739
5.86055 -64.0853 4.75445
5.85676 -64.0372 4.74151
5.85297 -63.989 4.72857
5.84918 -63.9409 4.71563
5.84539 -63.8927 4.70268
5.8416 -63.8446 4.68974
5.83781 -63.7965 4.6768
5.83403 -63.7483 4.66386
5.83024 -63.7002 4.65092
5.82645 -63.652 4.63798
5.82266 -63.6039 4.62504
5.81887 -63.5557 4.6121
5.81508 -63.5076 4.59915
5.81129 -63.4594 4.58621
5.8075 -63.4113 4.57327
5.80371 -63.3631 4.56033
5.79992 -63.315 4.54739
5.79613 -63.2668 4.53445
5.79234 -63.2187 4.52151
5.78855 -63.1705 4.50857
5.78476 -63.1224 4.49562
5.78097 -63.0742 4.48268
5.77718 -63.0261 4.46974
5.7734 -62.9779 4.4568
5.76961 -62.9298 4.44386
5.76582 -62.8816 4.43092
5.76203 -62.8335 4.41798
5.75824 -62.7853 4.40504
5.75445 -62.7372 4.39209
5.75066 -62.689 4.37915
5.74687 -62.6409 4.36621
5.74308 -62.5927 4.35327
5.73929 -62.5446 4.34033
5.7355 -62.4964 4.32739
5.73171 -62.4483 4.31445
5.72792 -62.4002 4.30151
5.72413 -62.352 4.28857
5.72034 -62.3039 4.27563
5.71656 -62.2557 4.26268
5.71277 -62.2076 4.24974
5.70898 -62.1594 4.2368
5.70519 -62.1113 4.22386
5.7014 -62.0631 4.21092
5.69761 -62.015 4.19798
5.69382 -61.9668 4.18504
5.69003 -61.9187 4.17209
5.68624 -61.8705 4.15915
5.68245 -61.8224 4.14621
5.67866 -61.7742 4.13327
5.67487 -61.7261 4.12033
5.67108 -61.6779 4.10739
5.66729 -61.6298 4.09445
5.6635 -61.5816 4.08151
5.65971 -61.5335 4.06857
5.65593 -61.4853 4.05562
5.65214 -61.4372 4.04268
5.64835 -61.389 4.02974
5.64456 -61.3409 4.0168
5.64077 -61.2927 4.00386
5.63698 -61.2446 3.99092
5.63319 -61.1964 3.97798
5.6294 -61.1483 3.96504
5.62561 -61.1001 3.95209
5.62182 -61.052 3.93915
5.61803 -61.0038 3.92621
5.61424 -60.9557 3.91327
5.61045 -60.9075 3.90033
5.60666 -60.8594 3.88739
5.60287 -60.8113 3.87445
5.59908 -60.7631 3.86151
5.5953 -60.715 3.84856
5.59151 -60.6668 3.83562
5.58772 -60.6187 3.82268
5.58393 -60.5705 3.80974
5.58014 -60.5224 3.7968
5.57635 -60.4742 3.78386
5.57256 -60.4261 3.77092
5.56877 -60.3779 3.75798
5.56498 -60.3298 3.74504
5.56119 -60.2816 3.73209
5.5574 -60.2335 3.71915
5.55361 -60.1853 3.70621
5.54982 -60.1372 3.69327
5.54603 -60.089 3.68033
5.54224 -60.0409 3.66739
5.53846 -59.9927 3.65445
5.53467 -59.9446 3.64151
5.53088 -59.8964 3.62856
5.52709 -59.8483 3.61562
5.5233 -59.8001 3.60268
5.51951 -59.752 3.58974
5.51572 -59.7038 3.5768
5.51193 -59.6557 3.56386
5.50814 -59.6075 3.55092
5.50435 -59.5594 3.53798
5.50056 -59.5112 3.52503
5.49677 -59.4631 3.51209
5.49298 -59.4149 3.49915
5.48919 -59.3668 3.48621
5.4854 -59.3186 3.47327
5.48161 -59.2705 3.46033
5.47783 -59.2224 3.44739
5.47404 -59.1742 3.43445
5.47025 -59.1261 3.4215
5.46646 -59.0779 3.40856
5.46267 -59.0298 3.39562
5.45888 -58.9816 3.38268
5.45509 -58.9335 3.36974
5.4513 -58.8853 3.3568
5.44751 -58.8372 3.34386
5.44372 -58.789 3.33092
5.43993 -58.7409 3.31797
5.43614 -58.6927 3.30503
5.43235 -58.6446 3.29209
5.42856 -58.5964 3.27915
5.42477 -58.5483 3.26621
5.42098 -58.5001 3.25327
5.4172 -58.452 3.24033
5.41341 -58.4038 3.22739
5.40962 -58.3557 3.21444
5.40583 -58.3075 3.2015
5.40204 -58.2594 3.18856
5.39825 -58.2112 3.17562
5.39446 -58.1631 3.16268
5.39067 -58.1149 3.14974
5.38688 -58.0668 3.1368
5.38309 -58.0186 3.12386
5.3793 -57.9705 3.11091
5.37551 -57.9223 3.09797
5.37172 -57.8742 3.08503
5.36793 -57.826 3.07209
5.36414 -57.7779 3.05915
5.36035 -57.7298 3.04621
5.35657 -57.6816 3.03327
5.35278 -57.6335 3.02033
5.34899 -57.5853 3.00739
5.3452 -57.5372 2.99444
5.34141 -57.489 2.9815
5.33762 -57.4409 2.96856
5.33383 -57.3927 2.95562
5.33004 -57.3446 2.94268
5.32625 -57.2964 2.92974
5.32246 -57.2483 2.9168
5.31867 -57.2001 2.90386
5.31488 -57.152 2.89091
5.31109 -57.1038 2.87797
5.3073 -57.0557 2.86503
5.30351 -57.0075 2.85209
5.29973 -56.9594 2.83915
5.29594 -56.9112 2.82621
5.29215 -56.8631 2.81327
5.28836 -56.8149 2.80033
5.28457 -56.7668 2.78738
5.28078 -56.7186 2.77444
5.27699 -56.6705 2.7615
5.2732 -56.6223 2.74856
5.26941 -56.5742 2.73562
5.26562 -56.526 2.72268
5.26183 -56.4779 2.70974
5.25804 -56.4297 2.6968
5.25425 -56.3816 2.68385
5.25046 -56.3335 2.67091
5.24667 -56.2853 2.65797
5.24288 -56.2372 2.64503
5.2391 -56.189 2.63209
5.23531 -56.1409 2.61915
5.23152 -56.0927 2.60621
5.22773 -56.0446 2.59327
5.22394 -55.9964 2.58033
5.22015 -55.9483 2.56738
5.21636 -55.9001 2.55444
5.21257 -55.852 2.5415
5.20878 -55.8038 2.52856
5.20499 -55.7557 2.51562
5.2012 -55.7075 2.50268
5.19741 -55.6594 2.48974
5.19362 -55.6112 2.4768
5.18983 -55.5631 2.46385
5.18604 -55.5149 2.45091
5.18225 -55.4668 2.43797
5.17847 -55.4186 2.42503
5.17468 -55.3705 2.41209
5.17089 -55.3223 2.39915
5.1671 -55.2742 2.38621
5.16331 -55.226 2.37327
5.15952 -55.1779 2.36032
5.15573 -55.1297 2.34738
5.15194 -55.0816 2.33444
5.14815 -55.0334 2.3215
5.14436 -54.9853 2.30856
5.14057 -54.9371 2.29562
5.13678 -54.889 2.28268
5.13299 -54.8409 2.26974
5.1292 -54.7927 2.25679
5.12541 -54.7446 2.24385
5.12162 -54.6964 2.23091
5.11784 -54.6483 2.21797
5.11405 -54.6001 2.20503
5.11026 -54.552 2.19209
5.10647 -54.5038 2.17915
5.10268 -54.4557 2.16621
5.09889 -54.4075 2.15326
5.0951 -54.3594 2.14032
5.09131 -54.3112 2.12738
5.08752 -54.2631 2.11444
5.08373 -54.2149 2.1015
5.07994 -54.1668 2.08856
5.07615 -54.1186 2.07562
5.07236 -54.0705 2.06268
5.06857 -54.0223 2.04974
5.06478 -53.9742 2.03679
5.061 -53.926 2.02385
5.05721 -53.8779 2.01091
5.05342 -53.8297 1.99797
5.04963 -53.7816 1.98503
5.04584 -53.7334 1.97209
5.04205 -53.6853 1.95915
5.03826 -53.6371 1.94621
5.03447 -53.589 1.93326
5.03068 -53.5408 1.92032
5.02689 -53.4927 1.90738
5.0231 -53.4445 1.89444
5.01931 -53.3964 1.8815
5.01552 -53.3482 1.86856
5.01173 -53.3001 1.85562
5.00794 -53.252 1.84268
5.00415 -53.2038 1.82973
5.00037 -53.1557 1.81679
4.99658 -53.1075 1.80385
4.99279 -53.0594 1.79091
4.989 -53.0112 1.77797
4.98521 -52.9631 1.76503
4.98142 -52.9149 1.75209
4.97763 -52.8668 1.73915
4.97384 -52.8186 1.7262
4.97005 -52.7705 1.71326
4.96626 -52.7223 1.70032
4.96247 -52.6742 1.68738
4.95868 -52.626 1.67444
4.95489 -52.5779 1.6615
4.9511 -52.5297 1.64856
4.94731 -52.4816 1.63562
4.94352 -52.4334 1.62267
4.93974 -52.3853 1.60973
4.93595 -52.3371 1.59679
4.93216 -52.289 1.58385
4.92837 -52.2408 1.57091
4.92458 -52.1927 1.55797
4.92079 -52.1445 1.54503
4.917 -52.0964 1.53209
4.91321 -52.0482 1.51915
4.90942 -52.0001 1.5062
4.90563 -51.9519 1.49326
4.90184 -51.9038 1.48032
4.89805 -51.8556 1.46738
4.89426 -51.8075 1.45444
4.89047 -51.7594 1.4415
4.88668 -51.7112 1.42856
4.88289 -51.6631 1.41562
4.87911 -51.6149 1.40267
4.87532 -51.5668 1.38973
4.87153 -51.5186 1.37679
4.86774 -51.4705 1.36385
4.86395 -51.4223 1.35091
4.86016 -51.3742 1.33797
4.85637 -51.326 1.32503
4.85258 -51.2779 1.31209
4.84879 -51.2297 1.29914
4.845 -51.1816 1.2862
4.84121 -51.1334 1.27326
4.83742 -51.0853 1.26032
4.83363 -51.0371 1.24738
4.82984 -50.989 1.23444
4.82605 -50.9408 1.2215
4.82227 -50.8927 1.20856
4.81848 -50.8445 1.19561
4.81469 -50.7964 1.18267
4.8109 -50.7482 1.16973
4.80711 -50.7001 1.15679
4.80332 -50.6519 1.14385
4.79953 -50.6038 1.13091
4.79574 -50.5556 1.11797
4.79195 -50.5075 1.10503
4.78816 -50.4593 1.09208
4.78437 -50.4112 1.07914
4.78058 -50.363 1.0662
4.77679 -50.3149 1.05326
4.773 -50.2668 1.04032
4.76921 -50.2186 1.02738
4.76542 -50.1705 1.01444
4.76164 -50.1223 1.0015
4.75785 -50.0742 0.988555
4.75406 -50.026 0.975614
4.75027 -49.9779 0.962672
4.74648 -49.9297 0.949732
4.74269 -49.8816 0.93679
4.7389 -49.8334 0.923849
4.73511 -49.7853 0.910908
4.73132 -49.7371 0.897966
4.72753 -49.689 0.885025
4.72374 -49.6408 0.872084
4.71995 -49.5927 0.859142
4.71616 -49.5445 0.846202
4.71237 -49.4964 0.833261
4.70858 -49.4482 0.820319
4.70479 -49.4001 0.807379
4.70101 -49.3519 0.794437
4.69722 -49.3038 0.781496
4.69343 -49.2556 0.768555
4.68964 -49.2075 0.755613
4.68585 -49.1593 0.742672
4.68206 -49.1112 0.729731
4.67827 -49.063 0.71679
4.67448 -49.0149 0.703849
4.67069 -48.9667 0.690907
4.6669 -48.9186 0.677966
4.66311 -48.8704 0.665025
4.65932 -48.8223 0.652083
4.65553 -48.7742 0.639142
4.65174 -48.726 0.626201
4.64795 -48.6779 0.61326
4.64417 -48.6297 0.600319
4.64038 -48.5816 0.587378
4.63659 -48.5334 0.574436
4.6328 -48.4853 0.561495
4.62901 -48.4371 0.548553
4.62522 -48.389 0.535612
4.62143 -48.3408 0.522671
4.61764 -48.2927 0.50973
4.61385 -48.2445 0.496789
4.61006 -48.1964 0.483848
4.60627 -48.1482 0.470906
4.60248 -48.1001 0.457965
4.59869 -48.0519 0.445024
4.5949 -48.0038 0.432083
4.59111 -47.9556 0.419142
4.58732 -47.9075 0.4062
4.58354 -47.8593 0.393259
4.57975 -47.8112 0.380319
4.57596 -47.763 0.367377
4.57217 -47.7149 0.354436
4.56838 -47.6667 0.341495
4.56459 -47.6186 0.328553
4.5608 -47.5704 0.315612
4.55701 -47.5223 0.30267
4.55322 -47.4741 0.289729
4.54943 -47.426 0.276789
4.54564 -47.3778 0.263847
4.54185 -47.3297 0.250906
4.53806 -47.2816 0.237965
4.53427 -47.2334 0.225023
4.53048 -47.1853 0.212082
4.5267 -47.1371 0.199141
4.52291 -47.089 0.186199
4.51912 -47.0408 0.173258
4.51533 -46.9927 0.160317
4.51154 -46.9445 0.147376
4.50775 -46.8964 0.134435
4.50396 -46.8482 0.121493
4.50017 -46.8001 0.108552
4.49638 -46.7519 0.0956106
4.49259 -46.7038 0.0826693
4.4888 -46.6556 0.0697289
4.48501 -46.6075 0.0567875
4.48122 -46.5593 0.0438471
4.47743 -46.5112 0.0309057
4.47364 -46.463 0.0179644
4.46985 -46.4149 0.005023
4.46607 -46.3667 -0.00791836
4.46228 -46.3186 -0.0208597
4.45849 -46.2704 -0.0338011
4.4547 -46.2223 -0.0467424
4.45091 -46.1741 -0.0596838
4.44712 -46.126 -0.0726242
4.44333 -46.0778 -0.0855656
4.43954 -46.0297 -0.0985069
4.43575 -45.9815 -0.111448
4.43196 -45.9334 -0.12439
4.42817 -45.8852 -0.137331
4.42438 -45.8371 -0.150272
4.42059 -45.7889 -0.163214
4.4168 -45.7408 -0.176154
4.41301 -45.6927 -0.189095
4.40922 -45.6445 -0.202037
4.40544 -45.5964 -0.214978
4.40165 -45.5482 -0.22792
4.39786 -45.5001 -0.240861
4.39407 -45.4519 -0.253802
4.39028 -45.4038 -0.266744
4.38649 -45.3556 -0.279684
4.3827 -45.3075 -0.292625
4.37891 -45.2593 -0.305566
4.37512 -45.2112 -0.318507
4.37133 -45.163 -0.331449
4.36754 -45.1149 -0.34439
4.36375 -45.0667 -0.357331
4.35996 -45.0186 -0.370273
4.35617 -44.9704 -0.383214
4.35238 -44.9223 -0.396155
4.3486 -44.8741 -0.409096
4.34481 -44.826 -0.422037
4.34102 -44.7778 -0.434978
4.33723 -44.7297 -0.44792
4.33344 -44.6815 -0.460861
4.32965 -44.6334 -0.473803
4.32586 -44.5852 -0.486744
4.32207 -44.5371 -0.499685
4.31828 -44.4889 -0.512626
4.31449 -44.4408 -0.525567
4.3107 -44.3926 -0.538508
4.30691 -44.3445 -0.55145
4.30312 -44.2963 -0.564391
4.29933 -44.2482 -0.577332
4.29554 -44.2001 -0.590273
4.29175 -44.1519 -0.603215
4.28797 -44.1038 -0.616156
4.28418 -44.0556 -0.629097
4.28039 -44.0075 -0.642038
4.2766 -43.9593 -0.65498
4.27281 -43.9112 -0.66792
4.26902 -43.863 -0.680861
4.26523 -43.8149 -0.693803
4.26144 -43.7667 -0.706744
4.25765 -43.7186 -0.719685
4.25386 -43.6704 -0.732626
4.25007 -43.6223 -0.745568
4.24628 -43.5741 -0.758509
4.24249 -43.526 -0.77145
4.2387 -43.4778 -0.784391
4.23491 -43.4297 -0.797333
4.23112 -43.3815 -0.810274
4.22734 -43.3334 -0.823215
4.22355 -43.2852 -0.836156
4.21976 -43.2371 -0.849098
4.21597 -43.1889 -0.862039
4.21218 -43.1408 -0.87498
4.20839 -43.0926 -0.887921
4.2046 -43.0445 -0.900863
4.20081 -42.9963 -0.913804
4.19702 -42.9482 -0.926745
4.19323 -42.9 -0.939686
4.18944 -42.8519 -0.952628
4.18565 -42.8037 -0.965569
4.18186 -42.7556 -0.97851
4.17807 -42.7075 -0.991451
4.17428 -42.6593 -1.00439
4.1705 -42.6112 -1.01733
4.16671 -42.563 -1.03027
4.16292 -42.5149 -1.04322
4.15913 -42.4667 -1.05616
4.15534 -42.4186 -1.0691
4.15155 -42.3704 -1.08204
4.14776 -42.3223 -1.09498
4.14397 -42.2741 -1.10792
4.14018 -42.226 -1.12086
4.13639 -42.1778 -1.1338
4.1326 -42.1297 -1.14675
4.12881 -42.0815 -1.15969
4.12502 -42.0334 -1.17263
4.12123 -41.9852 -1.18557
4.11744 -41.9371 -1.19851
4.11365 -41.8889 -1.21145
4.10987 -41.8408 -1.22439
4.10608 -41.7926 -1.23733
4.10229 -41.7445 -1.25028
4.0985 -41.6963 -1.26322
4.09471 -41.6482 -1.27616
4.09092 -41.6 -1.2891
4.08713 -41.5519 -1.30204
4.08334 -41.5037 -1.31498
4.07955 -41.4556 -1.32792
4.07576 -41.4074 -1.34086
4.07197 -41.3593 -1.35381
4.06818 -41.3111 -1.36675
4.06439 -41.263 -1.37969
4.0606 -41.2149 -1.39263
4.05681 -41.1667 -1.40557
4.05302 -41.1186 -1.41851
4.04924 -41.0704 -1.43145
4.04545 -41.0223 -1.44439
4.04166 -40.9741 -1.45733
4.03787 -40.926 -1.47028
4.03408 -40.8778 -1.48322
4.03029 -40.8297 -1.49616
4.0265 -40.7815 -1.5091
4.02271 -40.7334 -1.52204
4.01892 -40.6852 -1.53498
4.01513 -40.6371 -1.54792
4.01134 -40.5889 -1.56086
4.00755 -40.5408 -1.57381
4.00376 -40.4926 -1.58675
3.99997 -40.4445 -1.59969
3.99618 -40.3963 -1.61263
3.99239 -40.3482 -1.62557
3.98861 -40.3 -1.63851
3.98482 -40.2519 -1.65145
3.98103 -40.2037 -1.66439
3.97724 -40.1556 -1.67734
3.97345 -40.1074 -1.69028
3.96966 -40.0593 -1.70322
3.96587 -40.0111 -1.71616
3.96208 -39.963 -1.7291
3.95829 -39.9148 -1.74204
3.9545 -39.8667 -1.75498
3.95071 -39.8186 -1.76792
3.94692 -39.7704 -1.78087
3.94313 -39.7223 -1.79381
3.93934 -39.6741 -1.80675
3.93555 -39.626 -1.81969
3.93177 -39.5778 -1.83263
3.92798 -39.5297 -1.84557
3.92419 -39.4815 -1.85851
3.9204 -39.4334 -1.87145
3.91661 -39.3852 -1.8844
3.91282 -39.3371 -1.89734
3.90903 -39.2889 -1.91028
3.90524 -39.2408 -1.92322
3.90145 -39.1926 -1.93616
3.89766 -39.1445 -1.9491
3.89387 -39.0963 -1.96204
3.89008 -39.0482 -1.97498
3.88629 -39 -1.98793
3.8825 -38.9519 -2.00087
3.87871 -38.9037 -2.01381
3.87492 -38.8556 -2.02675
3.87114 -38.8074 -2.03969
3.86735 -38.7593 -2.05263
3.86356 -38.7111 -2.06557
3.85977 -38.663 -2.07851
3.85598 -38.6148 -2.09145
3.85219 -38.5667 -2.1044
3.8484 -38.5185 -2.11734
3.84461 -38.4704 -2.13028
3.84082 -38.4222 -2.14322
3.83703 -38.3741 -2.15616
3.83324 -38.326 -2.1691
3.82945 -38.2778 -2.18204
3.82566 -38.2297 -2.19498
3.82187 -38.1815 -2.20793
3.81808 -38.1334 -2.22087
3.81429 -38.0852 -2.23381
3.81051 -38.0371 -2.24675
3.80672 -37.9889 -2.25969
3.80293 -37.9408 -2.27263
3.79914 -37.8926 -2.28557
3.79535 -37.8445 -2.29851
3.79156 -37.7963 -2.31146
3.78777 -37.7482 -2.3244
3.78398 -37.7 -2.33734
3.78019 -37.6519 -2.35028
3.7764 -37.6037 -2.36322
3.77261 -37.5556 -2.37616
3.76882 -37.5074 -2.3891
3.76503 -37.4593 -2.40204
3.76124 -37.4111 -2.41498
3.75745 -37.363 -2.42793
3.75366 -37.3148 -2.44087
3.74988 -37.2667 -2.45381
3.74609 -37.2185 -2.46675
3.7423 -37.1704 -2.47969
3.73851 -37.1222 -2.49263
3.73472 -37.0741 -2.50557
3.73093 -37.0259 -2.51851
3.72714 -36.9778 -2.53146
3.72335 -36.9296 -2.5444
3.71956 -36.8815 -2.55734
3.71577 -36.8334 -2.57028
3.71198 -36.7852 -2.58322
3.70819 -36.7371 -2.59616
3.7044 -36.6889 -2.6091
3.70061 -36.6408 -2.62204
3.69682 -36.5926 -2.63499
3.69304 -36.5445 -2.64793
3.68925 -36.4963 -2.66087
3.68546 -36.4482 -2.67381
3.68167 -36.4 -2.68675
3.67788 -36.3519 -2.69969
3.67409 -36.3037 -2.71263
3.6703 -36.2556 -2.72557
3.66651 -36.2074 -2.73852
3.66272 -36.1593 -2.75146
3.65893 -36.1111 -2.7644
3.65514 -36.063 -2.77734
3.65135 -36.0148 -2.79028
3.64756 -35.9667 -2.80322
3.64377 -35.9185 -2.81616
3.63998 -35.8704 -2.8291
3.63619 -35.8222 -2.84205
3.63241 -35.7741 -2.85499
3.62862 -35.7259 -2.86793
3.62483 -35.6778 -2.88087
3.62104 -35.6296 -2.89381
3.61725 -35.5815 -2.90675
3.61346 -35.5333 -2.91969
3.60967 -35.4852 -2.93263
3.60588 -35.437 -2.94558
3.60209 -35.3889 -2.95852
3.5983 -35.3408 -2.97146
3.59451 -35.2926 -2.9844
3.59072 -35.2445 -2.99734
3.58693 -35.1963 -3.01028
3.58314 -35.1482 -3.02322
3.57935 -35.1 -3.03616
3.57557 -35.0519 -3.0491
3.57178 -35.0037 -3.06205
3.56799 -34.9556 -3.07499
3.5642 -34.9074 -3.08793
3.56041 -34.8593 -3.10087
3.55662 -34.8111 -3.11381
3.55283 -34.763 -3.12675
3.54904 -34.7148 -3.13969
3.54525 -34.6667 -3.15263
3.54146 -34.6185 -3.16558
3.53767 -34.5704 -3.17852
3.53388 -34.5222 -3.19146
3.53009 -34.4741 -3.2044
3.5263 -34.4259 -3.21734
3.52251 -34.3778 -3.23028
3.51872 -34.3296 -3.24322
3.51494 -34.2815 -3.25616
3.51115 -34.2333 -3.26911
3.50736 -34.1852 -3.28205
3.50357 -34.137 -3.29499
3.49978 -34.0889 -3.30793
3.49599 -34.0407 -3.32087
3.4922 -33.9926 -3.33381
3.48841 -33.9444 -3.34675
3.48462 -33.8963 -3.35969
3.48083 -33.8481 -3.37263
3.47704 -33.8 -3.38558
3.47325 -33.7519 -3.39852
3.46946 -33.7037 -3.41146
3.46567 -33.6556 -3.4244
3.46188 -33.6074 -3.43734
3.45809 -33.5593 -3.45028
3.45431 -33.5111 -3.46322
3.45052 -33.463 -3.47616
3.44673 -33.4148 -3.48911
3.44294 -33.3667 -3.50205
3.43915 -33.3185 -3.51499
3.43536 -33.2704 -3.52793
3.43157 -33.2222 -3.54087
3.42778 -33.1741 -3.55381
3.42399 -33.1259 -3.56675
3.4202 -33.0778 -3.57969
3.41641 -33.0296 -3.59264
3.41262 -32.9815 -3.60558
3.40883 -32.9333 -3.61852
3.40504 -32.8852 -3.63146
3.40125 -32.837 -3.6444
3.39746 -32.7889 -3.65734
3.39368 -32.7407 -3.67028
3.38989 -32.6926 -3.68322
3.3861 -32.6444 -3.69617
3.38231 -32.5963 -3.70911
3.37852 -32.5481 -3.72205
3.37473 -32.5 -3.73499
3.37094 -32.4518 -3.74793
3.36715 -32.4037 -3.76087
3.36336 -32.3555 -3.77381
3.35957 -32.3074 -3.78675
3.35578 -32.2593 -3.7997
3.35199 -32.2111 -3.81264
3.3482 -32.163 -3.82558
3.34441 -32.1148 -3.83852
3.34062 -32.0667 -3.85146
3.33684 -32.0185 -3.8644
3.33305 -31.9704 -3.87734
3.32926 -31.9222 -3.89028
3.32547 -31.8741 -3.90322
3.32168 -31.8259 -3.91617
3.31789 -31.7778 -3.92911
3.3141 -31.7296 -3.94205
3.31031 -31.6815 -3.95499
3.30652 -31.6333 -3.96793
3.30273 -31.5852 -3.98087
3.29894 -31.537 -3.99381
3.29515 -31.4889 -4.00675
3.29136 -31.4407 -4.0197
3.28757 -31.3926 -4.03264
3.28378 -31.3444 -4.04558
3.27999 -31.2963 -4.05852
3.27621 -31.2481 -4.07146
3.27242 -31.2 -4.0844
3.26863 -31.1518 -4.09734
3.26484 -31.1037 -4.11028
3.26105 -31.0555 -4.12323
3.25726 -31.0074 -4.13617
3.25347 -30.9592 -4.14911
3.24968 -30.9111 -4.16205
3.24589 -30.8629 -4.17499
3.2421 -30.8148 -4.18793
3.23831 -30.7667 -4.20087
3.23452 -30.7185 -4.21381
3.23073 -30.6704 -4.22676
3.22694 -30.6222 -4.2397
3.22315 -30.5741 -4.25264
3.21937 -30.5259 -4.26558
3.21558 -30.4778 -4.27852
3.21179 -30.4296 -4.29146
3.208 -30.3815 -4.3044
3.20421 -30.3333 -4.31734
3.20042 -30.2852 -4.33029
3.19663 -30.237 -4.34323
3.19284 -30.1889 -4.35617
3.18905 -30.1407 -4.36911
3.18526 -30.0926 -4.38205
3.18147 -30.0444 -4.39499
3.17768 -29.9963 -4.40793
3.17389 -29.9481 -4.42087
3.1701 -29.9 -4.43382
3.16631 -29.8518 -4.44676
3.16252 -29.8037 -4.4597
3.15874 -29.7555 -4.47264
3.15495 -29.7074 -4.48558
3.15116 -29.6592 -4.49852
3.14737 -29.6111 -4.51146
3.14358 -29.5629 -4.5244
3.13979 -29.5148 -4.53734
3.136 -29.4666 -4.55029
3.13221 -29.4185 -4.56323
3.12842 -29.3703 -4.57617
3.12463 -29.3222 -4.58911
3.12084 -29.2741 -4.60205
3.11705 -29.2259 -4.61499
3.11326 -29.1778 -4.62793
3.10947 -29.1296 -4.64087
3.10568 -29.0815 -4.65382
3.10189 -29.0333 -4.66676
3.09811 -28.9852 -4.6797
3.09432 -28.937 -4.69264
3.09053 -28.8889 -4.70558
3.08674 -28.8407 -4.71852
3.08295 -28.7926 -4.73146
3.07916 -28.7444 -4.7444
3.07537 -28.6963 -4.75735
3.07158 -28.6481 -4.77029
3.06779 -28.6 -4.78323
3.064 -28.5518 -4.79617
3.06021 -28.5037 -4.80911
3.05642 -28.4555 -4.82205
3.05263 -28.4074 -4.83499
3.04884 -28.3592 -4.84793
3.04505 -28.3111 -4.86088
3.04127 -28.2629 -4.87382
3.03748 -28.2148 -4.88676
3.03369 -28.1666 -4.8997
3.0299 -28.1185 -4.91264
3.02611 -28.0703 -4.92558
3.02232 -28.0222 -4.93852
3.01853 -27.974 -4.95146
3.01474 -27.9259 -4.96441
3.01095 -27.8777 -4.97735
3.00716 -27.8296 -4.99029
3.00337 -27.7815 -5.00323
2.99958 -27.7333 -5.01617
2.99579 -27.6852 -5.02911
2.992 -27.637 -5.04205
2.98821 -27.5889 -5.05499
2.98442 -27.5407 -5.06793
2.98064 -27.4926 -5.08088
2.97685 -27.4444 -5.09382
2.97306 -27.3963 -5.10676
2.96927 -27.3481 -5.1197
2.96548 -27.3 -5.13264
2.96169 -27.2518 -5.14558
2.9579 -27.2037 -5.15852
2.95411 -27.1555 -5.17146
2.95032 -27.1074 -5.18441
2.94653 -27.0592 -5.19735
2.94274 -27.0111 -5.21029
2.93895 -26.9629 -5.22323
2.93516 -26.9148 -5.23617
2.93137 -26.8666 -5.24911
2.92758 -26.8185 -5.26205
2.92379 -26.7703 -5.27499
2.92001 -26.7222 -5.28794
2.91622 -26.674 -5.30088
2.91243 -26.6259 -5.31382
2.90864 -26.5777 -5.32676
2.90485 -26.5296 -5.3397
2.90106 -26.4814 -5.35264
2.89727 -26.4333 -5.36558
2.89348 -26.3851 -5.37852
2.88969 -26.337 -5.39147
2.8859 -26.2888 -5.40441
2.88211 -26.2407 -5.41735
2.87832 -26.1926 -5.43029
2.87453 -26.1444 -5.44323
2.87074 -26.0963 -5.45617
2.86695 -26.0481 -5.46911
2.86316 -26 -5.48205
2.85938 -25.9518 -5.49499
2.85559 -25.9037 -5.50794
2.8518 -25.8555 -5.52088
2.84801 -25.8074 -5.53382
2.84422 -25.7592 -5.54676
2.84043 -25.7111 -5.5597
2.83664 -25.6629 -5.57264
2.83285 -25.6148 -5.58558
2.82906 -25.5666 -5.59852
2.82527 -25.5185 -5.61147
2.82148 -25.4703 -5.62441
2.81769 -25.4222 -5.63735
2.8139 -25.374 -5.65029
2.81011 -25.3259 -5.66323
2.80632 -25.2777 -5.67617
2.80254 -25.2296 -5.68911
2.79875 -25.1814 -5.70205
2.79496 -25.1333 -5.715
2.79117 -25.0851 -5.72794
2.78738 -25.037 -5.74088
2.78359 -24.9888 -5.75382
2.7798 -24.9407 -5.76676
2.77601 -24.8925 -5.7797
2.77222 -24.8444 -5.79264
2.76843 -24.7962 -5.80558
2.76464 -24.7481 -5.81853
2.76085 -24.7 -5.83147
2.75706 -24.6518 -5.84441
2.75327 -24.6037 -5.85735
2.74948 -24.5555 -5.87029
2.74569 -24.5074 -5.88323
2.74191 -24.4592 -5.89617
2.73812 -24.4111 -5.90911
2.73433 -24.3629 -5.92206
2.73054 -24.3148 -5.935
2.72675 -24.2666 -5.94794
2.72296 -24.2185 -5.96088
2.71917 -24.1703 -5.97382
2.71538 -24.1222 -5.98676
2.71159 -24.074 -5.9997
2.7078 -24.0259 -6.01264
2.70401 -23.9777 -6.02558
2.70022 -23.9296 -6.03853
2.69643 -23.8814 -6.05147
2.69264 -23.8333 -6.06441
2.68885 -23.7851 -6.07735
2.68506 -23.737 -6.09029
2.68128 -23.6888 -6.10323
2.67749 -23.6407 -6.11617
2.6737 -23.5925 -6.12911
2.66991 -23.5444 -6.14206
2.66612 -23.4962 -6.155
2.66233 -23.4481 -6.16794
2.65854 -23.3999 -6.18088
2.65475 -23.3518 -6.19382
2.65096 -23.3036 -6.20676
2.64717 -23.2555 -6.2197
2.64338 -23.2074 -6.23264
2.63959 -23.1592 -6.24559
2.6358 -23.1111 -6.25853
2.63201 -23.0629 -6.27147
2.62822 -23.0148 -6.28441
2.62443 -22.9666 -6.29735
2.62065 -22.9185 -6.31029
2.61686 -22.8703 -6.32323
2.61307 -22.8222 -6.33617
2.60928 -22.774 -6.34912
2.60549 -22.7259 -6.36206
2.6017 -22.6777 -6.375
2.59791 -22.6296 -6.38794
2.59412 -22.5814 -6.40088
2.59033 -22.5333 -6.41382
2.58654 -22.4851 -6.42676
2.58275 -22.437 -6.4397
2.57896 -22.3888 -6.45264
2.57517 -22.3407 -6.46559
2.57138 -22.2925 -6.47853
2.56759 -22.2444 -6.49147
2.56381 -22.1962 -6.50441
2.56002 -22.1481 -6.51735
2.55623 -22.0999 -6.53029
2.55244 -22.0518 -6.54323
2.54865 -22.0036 -6.55617
2.54486 -21.9555 -6.56912
2.54107 -21.9073 -6.58206
2.53728 -21.8592 -6.595
2.53349 -21.8111 -6.60794
2.5297 -21.7629 -6.62088
2.52591 -21.7148 -6.63382
2.52212 -21.6666 -6.64676
2.51833 -21.6185 -6.6597
2.51454 -21.5703 -6.67265
2.51075 -21.5222 -6.68559
2.50696 -21.474 -6.69853
2.50318 -21.4259 -6.71147
2.49939 -21.3777 -6.72441
2.4956 -21.3296 -6.73735
2.49181 -21.2814 -6.75029
2.48802 -21.2333 -6.76323
2.48423 -21.1851 -6.77618
2.48044 -21.137 -6.78912
2.47665 -21.0888 -6.80206
2.47286 -21.0407 -6.815
2.46907 -20.9925 -6.82794
2.46528 -20.9444 -6.84088
2.46149 -20.8962 -6.85382
2.4577 -20.8481 -6.86676
2.45391 -20.7999 -6.8797
2.45012 -20.7518 -6.89265
2.44634 -20.7036 -6.90559
2.44255 -20.6555 -6.91853
2.43876 -20.6073 -6.93147
2.43497 -20.5592 -6.94441
2.43118 -20.511 -6.95735
2.42739 -20.4629 -6.97029
2.4236 -20.4147 -6.98323
2.41981 -20.3666 -6.99618
2.41602 -20.3184 -7.00912
2.41223 -20.2703 -7.02206
2.40844 -20.2222 -7.035
2.40465 -20.174 -7.04794
2.40086 -20.1259 -7.06088
2.39707 -20.0777 -7.07382
2.39328 -20.0296 -7.08676
2.38949 -19.9814 -7.09971
2.38571 -19.9333 -7.11265
2.38192 -19.8851 -7.12559
2.37813 -19.837 -7.13853
2.37434 -19.7888 -7.15147
2.37055 -19.7407 -7.16441
2.36676 -19.6925 -7.17735
2.36297 -19.6444 -7.19029
2.35918 -19.5962 -7.20324
2.35539 -19.5481 -7.21618
2.3516 -19.4999 -7.22912
2.34781 -19.4518 -7.24206
2.34402 -19.4036 -7.255
2.34023 -19.3555 -7.26794
2.33644 -19.3073 -7.28088
2.33265 -19.2592 -7.29382
2.32886 -19.211 -7.30677
2.32508 -19.1629 -7.31971
2.32129 -19.1147 -7.33265
2.3175 -19.0666 -7.34559
2.31371 -19.0184 -7.35853
2.30992 -18.9703 -7.37147
2.30613 -18.9221 -7.38441
2.30234 -18.874 -7.39735
2.29855 -18.8258 -7.4103
2.29476 -18.7777 -7.42324
2.29097 -18.7296 -7.43618
2.28718 -18.6814 -7.44912
2.28339 -18.6333 -7.46206
2.2796 -18.5851 -7.475
2.27581 -18.537 -7.48794
2.27202 -18.4888 -7.50088
2.26823 -18.4407 -7.51382
2.26445 -18.3925 -7.52677
2.26066 -18.3444 -7.53971
2.25687 -18.2962 -7.55265
2.25308 -18.2481 -7.56559
2.24929 -18.1999 -7.57853
2.2455 -18.1518 -7.59147
2.24171 -18.1036 -7.60441
2.23792 -18.0555 -7.61735
2.23413 -18.0073 -7.6303
2.23034 -17.9592 -7.64324
2.22655 -17.911 -7.65618
2.22276 -17.8629 -7.66912
2.21897 -17.8147 -7.68206
2.21518 -17.7666 -7.695
2.21139 -17.7184 -7.70794
2.20761 -17.6703 -7.72088
2.20382 -17.6221 -7.73383
2.20003 -17.574 -7.74677
2.19624 -17.5258 -7.75971
2.19245 -17.4777 -7.77265
2.18866 -17.4295 -7.78559
2.18487 -17.3814 -7.79853
2.18108 -17.3332 -7.81147
2.17729 -17.2851 -7.82441
2.1735 -17.237 -7.83736
2.16971 -17.1888 -7.8503
2.16592 -17.1407 -7.86324
2.16213 -17.0925 -7.87618
2.15834 -17.0444 -7.88912
2.15455 -16.9962 -7.90206
2.15076 -16.9481 -7.915
2.14698 -16.8999 -7.92794
2.14319 -16.8518 -7.94089
2.1394 -16.8036 -7.95383
2.13561 -16.7555 -7.96677
2.13182 -16.7073 -7.97971
2.12803 -16.6592 -7.99265
2.12424 -16.611 -8.00559
2.12045 -16.5629 -8.01853
2.11666 -16.5147 -8.03147
2.11287 -16.4666 -8.04441
2.10908 -16.4184 -8.05736
2.10529 -16.3703 -8.0703
2.1015 -16.3221 -8.08324
2.09771 -16.274 -8.09618
2.09392 -16.2258 -8.10912
2.09013 -16.1777 -8.12206
2.08635 -16.1295 -8.135
2.08256 -16.0814 -8.14794
2.07877 -16.0332 -8.16089
2.07498 -15.9851 -8.17383
2.07119 -15.9369 -8.18677
2.0674 -15.8888 -8.19971
2.06361 -15.8406 -8.21265
2.05982 -15.7925 -8.22559
2.05603 -15.7444 -8.23853
2.05224 -15.6962 -8.25147
2.04845 -15.6481 -8.26442
2.04466 -15.5999 -8.27736
2.04087 -15.5518 -8.2903
2.03708 -15.5036 -8.30324
2.03329 -15.4555 -8.31618
2.02951 -15.4073 -8.32912
2.02572 -15.3592 -8.34206
2.02193 -15.311 -8.355
2.01814 -15.2629 -8.36794
2.01435 -15.2147 -8.38089
2.01056 -15.1666 -8.39383
2.00677 -15.1184 -8.40677
2.00298 -15.0703 -8.41971
1.99919 -15.0221 -8.43265
1.9954 -14.974 -8.44559
1.99161 -14.9258 -8.45853
1.98782 -14.8777 -8.47147
1.98403 -14.8295 -8.48442
1.98024 -14.7814 -8.49736
1.97645 -14.7332 -8.5103
1.97266 -14.6851 -8.52324
1.96888 -14.6369 -8.53618
1.96509 -14.5888 -8.54912
1.9613 -14.5406 -8.56206
1.95751 -14.4925 -8.575
1.95751 -14.4925 -8.575
1.95751 -14.4925 -8.575
1.90751 -14.4425 -8.525
1.85751 -14.3925 -8.475
1.80751 -14.3425 -8.425
1.80751 -14.3425 -8.4
1.72417 -14.4092 -8.425
1.67417 -14.4592 -8.475
1.65751 -14.4675 -8.525
1.65751 -14.4925 -8.575
1.65751 -14.5592 -8.65834
1.70751 -14.6092 -8.70834
1.80195 -14.6425 -8.75834
1.89501 -14.68 -8.8125
1.95751 -14.6675 -8.825
2.00751 -14.6675 -8.825
2.05751 -14.6675 -8.825
2.10751 -14.6175 -8.825
2.15751 -14.5592 -8.80834
2.20751 -14.5425 -8.75
2.23251 -14.5175 -8.675
2.25751 -14.4925 -8.625
2.25751 -14.4675 -8.575
2.25751 -14.4425 -8.525
2.23251 -14.4175 -8.475
2.18251 -14.3925 -8.425
2.20751 -14.3925 -8.375
2.15751 -14.3675 -8.375
2.10751 -14.3592 -8.35834
2.05751 -14.3258 -8.34167
2.00751 -14.3175 -8.325
1.95751 -14.3092 -8.34167
1.90751 -14.2925 -8.35
1.85751 -14.3092 -8.35834
1.85751 -14.2925 -8.375
1.80751 -14.2425 -8.325
1.80751 -14.1925 -8.275
1.80751 -14.1925 -8.225
1.75751 -14.1425 -8.175
1.75751 -14.1425 -8.125
1.74501 -14.155 -8.1375
1.79501 -14.105 -8.1375
1.85751 -14.0925 -8.15
1.90751 -14.1092 -8.14167
1.95751 -14.1175 -8.125
2.00751 -14.1175 -8.125
2.05751 -14.1175 -8.125
2.10751 -14.1175 -8.125
2.15751 -14.1258 -8.14167
2.20751 -14.1592 -8.15833
2.25751 -14.1675 -8.175
2.30751 -14.1758 -8.19167
2.35751 -14.2092 -8.20834
2.40751 -14.2258 -8.24167
2.45751 -14.2675 -8.325
2.49084 -14.3092 -8.375
2.53251 -14.3675 -8.425
2.55751 -14.3675 -8.475
2.55751 -14.4175 -8.525
2.55751 -14.4425 -8.575
2.55751 -14.4675 -8.625
2.55751 -14.4925 -8.675
2.53251 -14.5175 -8.725
2.50751 -14.5425 -8.77501
2.50751 -14.5425 -8.825
2.47417 -14.5592 -8.875
2.44084 -14.5758 -8.925
2.38251 -14.5925 -8.975
2.38251 -14.5925 -9.02501
2.34501 -14.655 -9.0125
2.29751 -14.7025 -9.025
2.25751 -14.7675 -9.05
2.20751 -14.8092 -9.05834
2.15751 -14.8258 -9.05834
2.10751 -14.8592 -9.04167
2.05751 -14.8758 -9.00834
2.00751 -14.8925 -9
1.95751 -14.9092 -8.99167
1.90751 -14.9175 -8.975
1.85751 -14.9175 -8.975
1.80751 -14.9258 -8.95834
1.75751 -14.9258 -8.94167
1.70751 -14.8758 -8.90834
1.65751 -14.8758 -8.89167
1.60751 -14.8425 -8.85
1.55751 -14.7925 -8.825
1.50751 -14.7425 -8.825
1.45751 -14.6925 -8.77501
1.38251 -14.6425 -8.725
1.35751 -14.6175 -8.675
1.35751 -14.6175 -8.625
1.35751 -14.5925 -8.575
1.37417 -14.5758 -8.525
1.37417 -14.5592 -8.475
1.38251 -14.5175 -8.425
1.40751 -14.4925 -8.375
1.45751 -14.4425 -8.325
1.50751 -14.3675 -8.225
1.59251 -14.2875 -8.19
1.67751 -14.2025 -8.145
1.65751 -14.1925 -8.125
1.60751 -14.1425 -8.075
1.55751 -14.1425 -8.025
1.55751 -14.1425 -7.975
1.50751 -14.0925 -7.925
1.48751 -14.1125 -7.935
1.54501 -14.055 -7.9125
1.59501 -14.005 -7.9125
1.65751 -13.9675 -7.9
1.70751 -13.9425 -7.9
1.75751 -13.9258 -7.90833
1.80751 -13.9175 -7.925
1.85751 -13.9092 -7.94167
1.90751 -13.8925 -7.95
1.95751 -13.9092 -7.94167
2.00751 -13.9175 -7.925
2.05751 -13.9175 -7.925
2.10751 -13.9175 -7.925
2.15751 -13.9175 -7.925
2.20751 -13.9175 -7.925
2.25751 -13.9258 -7.94167
2.30751 -13.9592 -7.95834
2.35751 -13.9675 -7.975
2.40751 -13.9758 -7.99167
2.45751 -14.0092 -8.00834
2.50751 -14.0258 -8.04167
2.55751 -14.0425 -8.0625
2.60751 -14.0592 -8.10834
2.65751 -14.0758 -8.14167
2.70751 -14.1175 -8.2
2.73251 -14.1675 -8.275
2.77417 -14.1758 -8.325
2.79084 -14.2092 -8.375
2.82417 -14.2592 -8.425
2.84084 -14.2592 -8.475
2.84084 -14.3092 -8.525
2.84084 -14.3258 -8.575
2.84084 -14.3592 -8.625
2.83251 -14.3925 -8.675
2.84084 -14.4092 -8.725
2.82417 -14.4592 -8.77501
2.80751 -14.4675 -8.825
2.80751 -14.4925 -8.875
2.77417 -14.5092 -8.925
2.75751 -14.5175 -8.975
2.72417 -14.5592 -9.02501
2.69084 -14.5758 -9.075
2.67417 -14.6092 -9.125
2.63251 -14.6425 -9.175
2.60751 -14.6925 -9.225
2.55751 -14.7425 -9.25
2.50751 -14.7925 -9.25
2.45751 -14.8592 -9.25833
2.40751 -14.905 -9.275
2.35751 -14.93 -9.275
2.30751 -14.9675 -9.3
2.25751 -14.9925 -9.3
2.20751 -15.0092 -9.29167
2.15751 -15.0425 -9.2625
2.10751 -15.0758 -9.25833
2.05751 -15.0758 -9.24167
2.00751 -15.0925 -9.2125
1.95751 -15.1175 -9.225
1.90751 -15.1092 -9.20834
1.85751 -15.1092 -9.19167
1.80751 -15.1175 -9.175
1.75751 -15.1258 -9.15834
1.70751 -15.1425 -9.15
1.65751 -15.1258 -9.14167
1.60751 -15.1092 -9.10834
1.55751 -15.0758 -9.09167
1.50751 -15.0592 -9.05834
1.45751 -15.0258 -9.04167
1.40751 -14.9925 -9
1.35751 -14.9425 -8.95
1.30751 -14.8925 -8.95
1.25751 -14.8425 -8.9
1.20751 -14.7925 -8.875
1.12417 -14.7258 -8.825
1.09084 -14.7092 -8.77501
1.07417 -14.7092 -8.725
1.05751 -14.6925 -8.675
1.05751 -14.6925 -8.625
1.07417 -14.6758 -8.575
1.05751 -14.6425 -8.525
1.07417 -14.6258 -8.475
1.07417 -14.6092 -8.425
1.10751 -14.5675 -8.375
1.10751 -14.5425 -8.325
1.13251 -14.4925 -8.275
1.15751 -14.4425 -8.225
1.20751 -14.3925 -8.175
1.25751 -14.3425 -8.125
1.32001 -14.28 -8.0375
1.3964 -14.1925 -7.99167
1.40751 -14.1925 -7.975
1.35751 -14.1425 -7.925
1.30751 -14.0925 -7.875
1.25751 -14.0425 -7.825
1.20751 -14.0425 -7.825
1.19501 -14.0487 -7.8375
1.12001 -14.13 -7.8875
1.05751 -14.1925 -7.975
1.00751 -14.2425 -8.025
0.957508 -14.2925 -8.075
0.907508 -14.3425 -8.125
0.857508 -14.3925 -8.175
0.832508 -14.4425 -8.225
0.807508 -14.4925 -8.275
0.782508 -14.5425 -8.325
0.782508 -14.5925 -8.375
0.757508 -14.6175 -8.425
0.757508 -14.6425 -8.475
0.757508 -14.6675 -8.525
0.757508 -14.6925 -8.575
0.757508 -14.7175 -8.625
0.757508 -14.7425 -8.675
0.757508 -14.7425 -8.725
0.782508 -14.7425 -8.77501
0.807508 -14.7675 -8.825
0.832508 -14.7925 -8.875
0.832508 -14.7925 -8.925
0.882508 -14.8175 -8.975
0.937508 -14.8725 -9.01501
0.987508 -14.9225 -9.045
1.04751 -14.9825 -9.075
1.08251 -15.0425 -9.1
1.14501 -15.08 -9.1375
1.19501 -15.13 -9.1875
1.25751 -15.1675 -9.2
1.30751 -15.2092 -9.20834
1.35751 -15.2258 -9.24167
1.40751 -15.2592 -9.25833
1.45751 -15.2758 -9.29167
1.50751 -15.2925 -9.3
1.55751 -15.3092 -9.35833
1.60751 -15.3175 -9.375
1.65751 -15.3175 -9.375
1.70751 -15.3092 -9.39167
1.75751 -15.2925 -9.4
1.80751 -15.2925 -9.4
1.85751 -15.2925 -9.45
1.90751 -15.2758 -9.45833
1.95751 -15.2592 -9.49167
2.00751 -15.2425 -9.5
2.05751 -15.2258 -9.50833
2.10751 -15.2175 -9.525
2.15751 -15.1675 -9.525
2.20751 -15.1758 -9.54167
2.25751 -15.1592 -9.54167
2.30751 -15.1258 -9.55833
2.35751 -15.1092 -9.55833
2.40751 -15.0758 -9.55833
2.45751 -15.0175 -9.55
2.50751 -14.9675 -9.55
2.54084 -14.9092 -9.525
2.59084 -14.8592 -9.525
2.63251 -14.7925 -9.525
2.68251 -14.7425 -9.525
2.69084 -14.6925 -9.50833
2.70751 -14.6425 -9.5
2.78251 -14.6425 -9.475
2.84084 -14.6258 -9.425
2.85751 -14.6175 -9.375
2.87417 -14.6092 -9.325
2.94084 -14.5758 -9.275
2.94084 -14.5592 -9.225
2.99084 -14.5258 -9.175
3.00751 -14.5175 -9.125
3.04084 -14.4758 -9.075
3.05751 -14.4675 -9.02501
3.09084 -14.4258 -8.975
3.09084 -14.4092 -8.925
3.09084 -14.3758 -8.875
3.10751 -14.3175 -8.825
3.10751 -14.3175 -8.77501
3.10751 -14.2675 -8.725
3.10751 -14.2675 -8.675
3.12417 -14.2258 -8.625
3.10751 -14.1675 -8.575
3.10751 -14.1675 -8.525
3.09084 -14.1092 -8.475
3.08251 -14.0925 -8.425
3.04084 -14.0592 -8.375
3.02417 -14.0258 -8.325
2.99501 -13.9925 -8.275
2.94084 -13.9592 -8.225
2.90751 -13.9175 -8.175
2.85751 -13.8925 -8.125
2.80751 -13.8592 -8.04167
2.75751 -13.8175 -8
2.70751 -13.8175 -7.95
2.65751 -13.8092 -7.90833
2.60751 -13.7758 -7.89167
2.55751 -13.7592 -7.85834
2.50751 -13.7592 -7.84167
2.45751 -13.7175 -7.825
2.40751 -13.7175 -7.8
2.35751 -13.7092 -7.75833
2.30751 -13.6925 -7.75
2.25751 -13.6925 -7.75
2.20751 -13.6925 -7.75
2.15751 -13.6925 -7.75
2.10751 -13.6925 -7.75
2.05751 -13.6925 -7.75
2.00751 -13.6758 -7.75833
1.95751 -13.6675 -7.775
1.90751 -13.6675 -7.775
1.85751 -13.6675 -7.775
1.80751 -13.6675 -7.775
1.75751 -13.6758 -7.75833
1.70751 -13.7092 -7.74167
1.65751 -13.7175 -7.725
1.60751 -13.7175 -7.725
1.55751 -13.7675 -7.725
1.50751 -13.8092 -7.74167
1.45751 -13.8175 -7.725
1.40751 -13.8425 -7.75
1.35751 -13.9092 -7.75833
1.30751 -13.9592 -7.79167
1.30751 -13.9425 -7.775
1.25751 -13.9425 -7.775
1.20751 -13.8925 -7.725
1.15751 -13.8425 -7.675
1.10751 -13.8425 -7.675
1.09322 -13.8211 -7.66072
1.13251 -13.7425 -7.625
1.18251 -13.6925 -7.6
1.23251 -13.6425 -7.6
1.29501 -13.605 -7.5875
1.35751 -13.5758 -7.59167
1.40751 -13.5592 -7.59167
1.45751 -13.5175 -7.575
1.50751 -13.4758 -7.59167
1.55751 -13.4592 -7.59167
1.60751 -13.4425 -7.6
1.65751 -13.4175 -7.625
1.70751 -13.4175 -7.625
1.75751 -13.4175 -7.625
1.80751 -13.4175 -7.625
1.85751 -13.4175 -7.625
1.90751 -13.4175 -7.625
1.95751 -13.4175 -7.625
2.00751 -13.4175 -7.625
2.05751 -13.4175 -7.625
2.10751 -13.4175 -7.625
2.15751 -13.4175 -7.625
2.20751 -13.4175 -7.625
2.25751 -13.4175 -7.625
2.30751 -13.4175 -7.625
2.35751 -13.4175 -7.625
2.40751 -13.4425 -7.625
2.45751 -13.4592 -7.64167
2.50751 -13.4592 -7.65833
2.55751 -13.4758 -7.69167
2.60751 -13.4758 -7.70833
2.65751 -13.5175 -7.725
2.70751 -13.5175 -7.75
2.74084 -13.5425 -7.80833
2.80751 -13.5592 -7.80833
2.85751 -13.5592 -7.85834
2.90751 -13.5675 -7.9
2.95751 -13.6175 -7.95
2.99501 -13.63 -8
3.05751 -13.6675 -8.075
3.09084 -13.7092 -8.125
3.14084 -13.7592 -8.175
3.18251 -13.7675 -8.225
3.22417 -13.7758 -8.275
3.24084 -13.8092 -8.325
3.27001 -13.88 -8.3625
3.29084 -13.9092 -8.425
3.32417 -13.9258 -8.475
3.34084 -13.9592 -8.525
3.34501 -13.9925 -8.575
3.35751 -14.0175 -8.625
3.35751 -14.0175 -8.675
3.37417 -14.0758 -8.725
3.37417 -14.1258 -8.77501
3.35751 -14.1675 -8.825
3.35751 -14.1675 -8.875
3.35751 -14.1675 -8.925
3.34084 -14.2258 -8.975
3.35751 -14.2675 -9.02501
3.34084 -14.2758 -9.075
3.33251 -14.3175 -9.125
3.30751 -14.3758 -9.15834
3.29084 -14.3758 -9.225
3.25751 -14.4175 -9.275
3.24084 -14.4258 -9.325
3.19084 -14.4592 -9.375
3.17417 -14.4592 -9.425
3.14084 -14.4758 -9.475
3.10751 -14.5175 -9.525
3.09084 -14.5258 -9.575
3.02417 -14.5592 -9.625
2.99084 -14.5758 -9.675
2.92417 -14.6092 -9.725
2.87001 -14.605 -9.7625
2.80751 -14.6758 -9.79167
2.75751 -14.6925 -9.775
2.79084 -14.7425 -9.80833
2.75751 -14.8175 -9.8
2.70751 -14.8675 -9.8
2.65751 -14.9258 -9.80833
2.60751 -14.9675 -9.825
2.55751 -15.0175 -9.825
2.50751 -15.0675 -9.825
2.45751 -15.1175 -9.85
2.40751 -15.1675 -9.85
2.35751 -15.1925 -9.85
2.30751 -15.2092 -9.84167
2.25751 -15.2425 -9.825
2.20751 -15.2675 -9.825
2.15751 -15.2925 -9.8
2.10751 -15.3258 -9.80833
2.05751 -15.3258 -9.79167
2.00751 -15.3425 -9.775
1.95751 -15.3675 -9.775
1.90751 -15.3758 -9.75833
1.85751 -15.3758 -9.74167
1.80751 -15.3925 -9.725
1.75751 -15.4092 -9.70833
1.70751 -15.3925 -9.7
1.65751 -15.4175 -9.675
1.60751 -15.4258 -9.65833
1.55751 -15.4258 -9.64167
1.50751 -15.4425 -9.625
1.45751 -15.4425 -9.6
1.40751 -15.4258 -9.59167
1.35751 -15.4092 -9.55833
1.30751 -15.3925 -9.5
1.25751 -15.3758 -9.49167
1.20751 -15.3592 -9.45833
1.15751 -15.3258 -9.40833
1.10751 -15.3092 -9.40833
1.03751 -15.2825 -9.395
0.997508 -15.2325 -9.375
0.945008 -15.18 -9.3375
0.882508 -15.1425 -9.3
0.840841 -15.0925 -9.25833
0.807508 -15.0425 -9.25
0.740841 -14.9925 -9.24167
0.732508 -14.9175 -9.225
0.682508 -14.8675 -9.175
0.632508 -14.8425 -9.125
0.582507 -14.8425 -9.075
0.557505 -14.8425 -9.02501
0.557505 -14.8175 -8.975
0.532505 -14.7925 -8.925
0.507505 -14.7925 -8.875
0.482505 -14.7675 -8.825
0.457505 -14.7425 -8.77501
0.457505 -14.7425 -8.725
0.457505 -14.7175 -8.675
0.457505 -14.6925 -8.625
0.457505 -14.6675 -8.575
0.457505 -14.6425 -8.525
0.457505 -14.6175 -8.475
0.457505 -14.5675 -8.425
0.474172 -14.5592 -8.375
0.490838 -14.5258 -8.325
0.507505 -14.4675 -8.275
0.507505 -14.4175 -8.225
0.532505 -14.3925 -8.175
0.557505 -14.3425 -8.125
0.607508 -14.2925 -8.075
0.657508 -14.2425 -8.025
0.707508 -14.1925 -7.975
0.757508 -14.1425 -7.925
0.807508 -14.0925 -7.875
0.857508 -14.0425 -7.825
0.920008 -13.98 -7.7375
0.957508 -13.9092 -7.70833
1.00751 -13.8758 -7.69167
1.00751 -13.8758 -7.69167
1.01089 -13.924 -7.67872
1.01427 -13.9722 -7.66578
1.01765 -14.0204 -7.65283
1.02102 -14.0686 -7.63988
1.0244 -14.1168 -7.62694
1.02778 -14.165 -7.61399
1.03116 -14.2132 -7.60104
1.03454 -14.2614 -7.5881
1.03792 -14.3096 -7.57515
1.0413 -14.3578 -7.5622
1.04468 -14.406 -7.54925
1.04806 -14.4542 -7.53631
1.05144 -14.5024 -7.52336
1.05481 -14.5506 -7.51042
1.05819 -14.5988 -7.49747
1.06157 -14.647 -7.48452
1.06495 -14.6952 -7.47157
1.06833 -14.7434 -7.45863
1.07171 -14.7916 -7.44568
1.07509 -14.8398 -7.43273
1.07847 -14.888 -7.41979
1.08185 -14.9362 -7.40684
1.08523 -14.9844 -7.39389
1.0886 -15.0326 -7.38095
1.09198 -15.0808 -7.368
1.09536 -15.129 -7.35505
1.09874 -15.1772 -7.34211
1.10212 -15.2254 -7.32916
1.1055 -15.2736 -7.31621
1.10888 -15.3218 -7.30327
1.11226 -15.37 -7.29032
1.11564 -15.4182 -7.27737
1.11902 -15.4664 -7.26443
1.12239 -15.5146 -7.25148
1.12577 -15.5628 -7.23853
1.12915 -15.611 -7.22559
1.13253 -15.6592 -7.21264
1.13591 -15.7074 -7.19969
1.13929 -15.7556 -7.18675
1.14267 -15.8038 -7.1738
1.14605 -15.852 -7.16085
1.14943 -15.9002 -7.14791
1.15281 -15.9484 -7.13496
1.15618 -15.9966 -7.12201
1.15956 -16.0448 -7.10907
1.16294 -16.093 -7.09612
1.16632 -16.1412 -7.08317
1.1697 -16.1894 -7.07023
1.17308 -16.2376 -7.05728
1.17646 -16.2858 -7.04433
1.17984 -16.334 -7.03139
1.18322 -16.3822 -7.01844
1.1866 -16.4304 -7.00549
1.18997 -16.4786 -6.99255
1.19335 -16.5268 -6.9796
1.19673 -16.575 -6.96665
1.20011 -16.6232 -6.95371
1.20349 -16.6714 -6.94076
1.20687 -16.7196 -6.92781
1.21025 -16.7678 -6.91487
1.21363 -16.816 -6.90192
1.21701 -16.8642 -6.88897
1.22039 -16.9124 -6.87603
1.22376 -16.9606 -6.86308
1.22714 -17.0088 -6.85013
1.23052 -17.057 -6.83719
1.2339 -17.1052 -6.82424
1.23728 -17.1534 -6.81129
1.24066 -17.2016 -6.79835
1.24404 -17.2498 -6.7854
1.24742 -17.298 -6.77245
1.2508 -17.3462 -6.75951
1.25418 -17.3944 -6.74656
1.25755 -17.4426 -6.73361
1.26093 -17.4908 -6.72067
1.26431 -17.539 -6.70772
1.26769 -17.5872 -6.69477
1.27107 -17.6354 -6.68183
1.27445 -17.6836 -6.66888
1.27783 -17.7318 -6.65593
1.28121 -17.78 -6.64299
1.28459 -17.8282 -6.63004
1.28797 -17.8764 -6.61709
1.29134 -17.9246 -6.60415
1.29472 -17.9728 -6.5912
1.2981 -18.021 -6.57825
1.30148 -18.0692 -6.56531
1.30486 -18.1174 -6.55236
1.30824 -18.1656 -6.53941
1.31162 -18.2138 -6.52647
1.315 -18.262 -6.51352
1.31838 -18.3102 -6.50057
1.32176 -18.3584 -6.48763
1.32513 -18.4066 -6.47468
1.32851 -18.4548 -6.46173
1.33189 -18.503 -6.44879
1.33527 -18.5512 -6.43584
1.33865 -18.5994 -6.42289
1.34203 -18.6476 -6.40995
1.34541 -18.6958 -6.397
1.34879 -18.744 -6.38405
1.35217 -18.7922 -6.37111
1.35555 -18.8404 -6.35816
1.35892 -18.8886 -6.34521
1.3623 -18.9368 -6.33227
1.36568 -18.985 -6.31932
1.36906 -19.0332 -6.30637
1.37244 -19.0814 -6.29343
1.37582 -19.1296 -6.28048
1.3792 -19.1778 -6.26753
1.38258 -19.226 -6.25459
1.38596 -19.2742 -6.24164
1.38934 -19.3224 -6.22869
1.39271 -19.3706 -6.21575
1.39609 -19.4188 -6.2028
1.39947 -19.467 -6.18985
1.40285 -19.5152 -6.17691
1.40623 -19.5634 -6.16396
1.40961 -19.6116 -6.15101
1.41299 -19.6598 -6.13807
1.41637 -19.708 -6.12512
1.41975 -19.7562 -6.11217
1.42313 -19.8044 -6.09923
1.4265 -19.8526 -6.08628
1.42988 -19.9008 -6.07333
1.43326 -19.949 -6.06039
1.43664 -19.9972 -6.04744
1.44002 -20.0454 -6.03449
1.4434 -20.0935 -6.02155
1.44678 -20.1418 -6.0086
1.45016 -20.1899 -5.99565
1.45354 -20.2381 -5.98271
1.45692 -20.2863 -5.96976
1.46029 -20.3345 -5.95681
1.46367 -20.3827 -5.94387
1.46705 -20.4309 -5.93092
1.47043 -20.4791 -5.91797
1.47381 -20.5273 -5.90503
1.47719 -20.5755 -5.89208
1.48057 -20.6237 -5.87913
1.48395 -20.6719 -5.86619
1.48733 -20.7201 -5.85324
1.49071 -20.7683 -5.84029
1.49408 -20.8165 -5.82734
1.49746 -20.8647 -5.8144
1.50084 -20.9129 -5.80145
1.50422 -20.9611 -5.78851
1.5076 -21.0093 -5.77556
1.51098 -21.0575 -5.76261
1.51436 -21.1057 -5.74966
1.51774 -21.1539 -5.73672
1.52112 -21.2021 -5.72377
1.5245 -21.2503 -5.71082
1.52787 -21.2985 -5.69788
1.53125 -21.3467 -5.68493
1.53463 -21.3949 -5.67198
1.53801 -21.4431 -5.65904
1.54139 -21.4913 -5.64609
1.54477 -21.5395 -5.63314
1.54815 -21.5877 -5.6202
1.55153 -21.6359 -5.60725
1.55491 -21.6841 -5.59431
1.55829 -21.7323 -5.58136
1.56166 -21.7805 -5.56841
1.56504 -21.8287 -5.55546
1.56842 -21.8769 -5.54252
1.5718 -21.9251 -5.52957
1.57518 -21.9733 -5.51662
1.57856 -22.0215 -5.50368
1.58194 -22.0697 -5.49073
1.58532 -22.1179 -5.47778
1.5887 -22.1661 -5.46484
1.59208 -22.2143 -5.45189
1.59545 -22.2625 -5.43894
1.59883 -22.3107 -5.426
1.60221 -22.3589 -5.41305
1.60559 -22.4071 -5.4001
1.60897 -22.4553 -5.38716
1.61235 -22.5035 -5.37421
1.61573 -22.5517 -5.36126
1.61911 -22.5999 -5.34832
1.62249 -22.6481 -5.33537
1.62587 -22.6963 -5.32242
1.62924 -22.7445 -5.30948
1.63262 -22.7927 -5.29653
1.636 -22.8409 -5.28358
1.63938 -22.8891 -5.27064
1.64276 -22.9373 -5.25769
1.64614 -22.9855 -5.24474
1.64952 -23.0337 -5.2318
1.6529 -23.0819 -5.21885
1.65628 -23.1301 -5.2059
1.65966 -23.1783 -5.19296
1.66303 -23.2265 -5.18001
1.66641 -23.2747 -5.16706
1.66979 -23.3229 -5.15412
1.67317 -23.3711 -5.14117
1.67655 -23.4193 -5.12822
1.67993 -23.4675 -5.11528
1.68331 -23.5157 -5.10233
1.68669 -23.5639 -5.08938
1.69007 -23.6121 -5.07644
1.69345 -23.6603 -5.06349
1.69682 -23.7085 -5.05054
1.7002 -23.7567 -5.0376
1.70358 -23.8049 -5.02465
1.70696 -23.8531 -5.0117
1.71034 -23.9013 -4.99876
1.71372 -23.9495 -4.98581
1.7171 -23.9977 -4.97286
1.72048 -24.0459 -4.95992
1.72386 -24.0941 -4.94697
1.72724 -24.1423 -4.93402
1.73061 -24.1905 -4.92108
1.73399 -24.2387 -4.90813
1.73737 -24.2869 -4.89518
1.74075 -24.3351 -4.88224
1.74413 -24.3833 -4.86929
1.74751 -24.4315 -4.85634
1.75089 -24.4797 -4.8434
1.75427 -24.5279 -4.83045
1.75765 -24.5761 -4.8175
1.76103 -24.6243 -4.80456
1.7644 -24.6725 -4.79161
1.76778 -24.7207 -4.77866
1.77116 -24.7689 -4.76572
1.77454 -24.8171 -4.75277
1.77792 -24.8653 -4.73982
1.7813 -24.9135 -4.72688
1.78468 -24.9617 -4.71393
1.78806 -25.0099 -4.70098
1.79144 -25.0581 -4.68804
1.79482 -25.1063 -4.67509
1.79819 -25.1545 -4.66214
1.80157 -25.2027 -4.6492
1.80495 -25.2509 -4.63625
1.80833 -25.2991 -4.6233
1.81171 -25.3473 -4.61036
1.81509 -25.3955 -4.59741
1.81847 -25.4437 -4.58446
1.82185 -25.4919 -4.57152
1.82523 -25.5401 -4.55857
1.82861 -25.5883 -4.54562
1.83198 -25.6365 -4.53268
1.83536 -25.6847 -4.51973
1.83874 -25.7329 -4.50678
1.84212 -25.7811 -4.49384
1.8455 -25.8293 -4.48089
1.84888 -25.8775 -4.46794
1.85226 -25.9257 -4.455
1.85564 -25.9739 -4.44205
1.85902 -26.0221 -4.4291
1.8624 -26.0703 -4.41616
1.86577 -26.1185 -4.40321
1.86915 -26.1667 -4.39026
1.87253 -26.2149 -4.37732
1.87591 -26.2631 -4.36437
1.87929 -26.3113 -4.35142
1.88267 -26.3595 -4.33848
1.88605 -26.4077 -4.32553
1.88943 -26.4559 -4.31258
1.89281 -26.5041 -4.29964
1.89619 -26.5523 -4.28669
1.89956 -26.6005 -4.27374
1.90294 -26.6487 -4.2608
1.90632 -26.6969 -4.24785
1.9097 -26.7451 -4.2349
1.91308 -26.7933 -4.22196
1.91646 -26.8415 -4.20901
1.91984 -26.8897 -4.19606
1.92322 -26.9379 -4.18312
1.9266 -26.9861 -4.17017
1.92998 -27.0343 -4.15722
1.93335 -27.0825 -4.14428
1.93673 -27.1307 -4.13133
1.94011 -27.1789 -4.11838
1.94349 -27.2271 -4.10544
1.94687 -27.2753 -4.09249
1.95025 -27.3235 -4.07954
1.95363 -27.3717 -4.0666
1.95701 -27.4199 -4.05365
1.96039 -27.4681 -4.0407
1.96377 -27.5163 -4.02775
1.96714 -27.5645 -4.01481
1.97052 -27.6127 -4.00186
1.9739 -27.6609 -3.98891
1.97728 -27.7091 -3.97597
1.98066 -27.7573 -3.96302
1.98404 -27.8055 -3.95007
1.98742 -27.8537 -3.93713
1.9908 -27.9019 -3.92418
1.99418 -27.9501 -3.91123
1.99756 -27.9983 -3.89829
2.00094 -28.0465 -3.88534
2.00431 -28.0947 -3.87239
2.00769 -28.1429 -3.85945
2.01107 -28.1911 -3.8465
2.01445 -28.2393 -3.83355
2.01783 -28.2874 -3.82061
2.02121 -28.3356 -3.80766
2.02459 -28.3838 -3.79471
2.02797 -28.432 -3.78177
2.03135 -28.4802 -3.76882
2.03473 -28.5284 -3.75587
2.0381 -28.5766 -3.74293
2.04148 -28.6248 -3.72998
2.04486 -28.673 -3.71703
2.04824 -28.7212 -3.70409
2.05162 -28.7694 -3.69114
2.055 -28.8176 -3.67819
2.05838 -28.8658 -3.66525
2.06176 -28.914 -3.6523
2.06514 -28.9622 -3.63935
2.06852 -29.0104 -3.62641
2.07189 -29.0586 -3.61346
2.07527 -29.1068 -3.60051
2.07865 -29.155 -3.58757
2.08203 -29.2032 -3.57462
2.08541 -29.2514 -3.56167
2.08879 -29.2996 -3.54873
2.09217 -29.3478 -3.53578
2.09555 -29.396 -3.52283
2.09893 -29.4442 -3.50989
2.10231 -29.4924 -3.49694
2.10568 -29.5406 -3.48399
2.10906 -29.5888 -3.47105
2.11244 -29.637 -3.4581
2.11582 -29.6852 -3.44515
2.1192 -29.7334 -3.43221
2.12258 -29.7816 -3.41926
2.12596 -29.8298 -3.40631
2.12934 -29.878 -3.39337
2.13272 -29.9262 -3.38042
2.1361 -29.9744 -3.36747
2.13947 -30.0226 -3.35453
2.14285 -30.0708 -3.34158
2.14623 -30.119 -3.32863
2.14961 -30.1672 -3.31569
2.15299 -30.2154 -3.30274
2.15637 -30.2636 -3.28979
2.15975 -30.3118 -3.27685
2.16313 -30.36 -3.2639
2.16651 -30.4082 -3.25095
2.16989 -30.4564 -3.23801
2.17326 -30.5046 -3.22506
2.17664 -30.5528 -3.21211
2.18002 -30.601 -3.19917
2.1834 -30.6492 -3.18622
2.18678 -30.6974 -3.17327
2.19016 -30.7456 -3.16033
2.19354 -30.7938 -3.14738
2.19692 -30.842 -3.13443
2.2003 -30.8902 -3.12149
2.20368 -30.9384 -3.10854
2.20705 -30.9866 -3.09559
2.21043 -31.0348 -3.08265
2.21381 -31.083 -3.0697
2.21719 -31.1312 -3.05675
2.22057 -31.1794 -3.04381
2.22395 -31.2276 -3.03086
2.22733 -31.2758 -3.01791
2.23071 -31.324 -3.00497
2.23409 -31.3722 -2.99202
2.23747 -31.4204 -2.97907
2.24084 -31.4686 -2.96613
2.24422 -31.5168 -2.95318
2.2476 -31.565 -2.94023
2.25098 -31.6132 -2.92729
2.25436 -31.6614 -2.91434
2.25774 -31.7096 -2.90139
2.26112 -31.7578 -2.88845
2.2645 -31.806 -2.8755
2.26788 -31.8542 -2.86255
2.27126 -31.9024 -2.84961
2.27463 -31.9506 -2.83666
2.27801 -31.9988 -2.82371
2.28139 -32.047 -2.81077
2.28477 -32.0952 -2.79782
2.28815 -32.1434 -2.78487
2.29153 -32.1916 -2.77193
2.29491 -32.2398 -2.75898
2.29829 -32.288 -2.74603
2.30167 -32.3362 -2.73309
2.30505 -32.3844 -2.72014
2.30842 -32.4326 -2.70719
2.3118 -32.4808 -2.69425
2.31518 -32.529 -2.6813
2.31856 -32.5772 -2.66835
2.32194 -32.6254 -2.65541
2.32532 -32.6736 -2.64246
2.3287 -32.7218 -2.62951
2.33208 -32.77 -2.61657
2.33546 -32.8182 -2.60362
2.33884 -32.8664 -2.59067
2.34221 -32.9146 -2.57773
2.34559 -32.9628 -2.56478
2.34897 -33.011 -2.55183
2.35235 -33.0592 -2.53889
2.35573 -33.1074 -2.52594
2.35911 -33.1556 -2.51299
2.36249 -33.2038 -2.50005
2.36587 -33.252 -2.4871
2.36925 -33.3002 -2.47415
2.37263 -33.3484 -2.46121
2.376 -33.3966 -2.44826
2.37938 -33.4448 -2.43531
2.38276 -33.493 -2.42237
2.38614 -33.5412 -2.40942
2.38952 -33.5894 -2.39647
2.3929 -33.6376 -2.38353
2.39628 -33.6858 -2.37058
2.39966 -33.734 -2.35763
2.40304 -33.7822 -2.34469
2.40642 -33.8304 -2.33174
2.40979 -33.8786 -2.31879
2.41317 -33.9268 -2.30585
2.41655 -33.975 -2.2929
2.41993 -34.0232 -2.27995
2.42331 -34.0714 -2.267
2.42669 -34.1196 -2.25406
2.43007 -34.1678 -2.24111
2.43345 -34.216 -2.22817
2.43683 -34.2642 -2.21522
2.44021 -34.3124 -2.20227
2.44358 -34.3606 -2.18932
2.44696 -34.4088 -2.17638
2.45034 -34.457 -2.16343
2.45372 -34.5052 -2.15048
2.4571 -34.5534 -2.13754
2.46048 -34.6016 -2.12459
2.46386 -34.6498 -2.11164
2.46724 -34.698 -2.0987
2.47062 -34.7462 -2.08575
2.474 -34.7944 -2.0728
2.47737 -34.8426 -2.05986
2.48075 -34.8908 -2.04691
2.48413 -34.939 -2.03396
2.48751 -34.9872 -2.02102
2.49089 -35.0354 -2.00807
2.49427 -35.0836 -1.99512
2.49765 -35.1318 -1.98218
2.50103 -35.18 -1.96923
2.50441 -35.2282 -1.95628
2.50779 -35.2764 -1.94334
2.51116 -35.3246 -1.93039
2.51454 -35.3728 -1.91744
2.51792 -35.421 -1.9045
2.5213 -35.4692 -1.89155
2.52468 -35.5174 -1.8786
2.52806 -35.5656 -1.86566
2.53144 -35.6138 -1.85271
2.53482 -35.662 -1.83976
2.5382 -35.7102 -1.82682
2.54158 -35.7584 -1.81387
2.54495 -35.8066 -1.80092
2.54833 -35.8548 -1.78798
2.55171 -35.903 -1.77503
2.55509 -35.9512 -1.76208
2.55847 -35.9994 -1.74914
2.56185 -36.0476 -1.73619
2.56523 -36.0958 -1.72324
2.56861 -36.144 -1.7103
2.57199 -36.1922 -1.69735
2.57537 -36.2404 -1.6844
2.57874 -36.2886 -1.67146
2.58212 -36.3368 -1.65851
2.5855 -36.3849 -1.64556
2.58888 -36.4331 -1.63262
2.59226 -36.4813 -1.61967
2.59564 -36.5295 -1.60672
2.59902 -36.5777 -1.59378
2.6024 -36.6259 -1.58083
2.60578 -36.6741 -1.56788
2.60916 -36.7223 -1.55494
2.61253 -36.7705 -1.54199
2.61591 -36.8187 -1.52904
2.61929 -36.8669 -1.5161
2.62267 -36.9151 -1.50315
2.62605 -36.9633 -1.4902
2.62943 -37.0115 -1.47726
2.63281 -37.0597 -1.46431
2.63619 -37.1079 -1.45136
2.63957 -37.1561 -1.43842
2.64295 -37.2043 -1.42547
2.64632 -37.2525 -1.41252
2.6497 -37.3007 -1.39958
2.65308 -37.3489 -1.38663
2.65646 -37.3971 -1.37368
2.65984 -37.4453 -1.36074
2.66322 -37.4935 -1.34779
2.6666 -37.5417 -1.33484
2.66998 -37.5899 -1.3219
2.67336 -37.6381 -1.30895
2.67674 -37.6863 -1.296
2.68011 -37.7345 -1.28306
2.68349 -37.7827 -1.27011
2.68687 -37.8309 -1.25716
2.69025 -37.8791 -1.24422
2.69363 -37.9273 -1.23127
2.69701 -37.9755 -1.21832
2.70039 -38.0237 -1.20538
2.70377 -38.0719 -1.19243
2.70715 -38.1201 -1.17948
2.71053 -38.1683 -1.16654
2.7139 -38.2165 -1.15359
2.71728 -38.2647 -1.14064
2.72066 -38.3129 -1.1277
2.72404 -38.3611 -1.11475
2.72742 -38.4093 -1.1018
2.7308 -38.4575 -1.08886
2.73418 -38.5057 -1.07591
2.73756 -38.5539 -1.06296
2.74094 -38.6021 -1.05002
2.74432 -38.6503 -1.03707
2.74769 -38.6985 -1.02412
2.75107 -38.7467 -1.01118
2.75445 -38.7949 -0.99823
2.75783 -38.8431 -0.985282
2.76121 -38.8913 -0.972336
2.76459 -38.9395 -0.959389
2.76797 -38.9877 -0.946443
2.77135 -39.0359 -0.933496
2.77473 -39.0841 -0.920549
2.77811 -39.1323 -0.907602
2.78148 -39.1805 -0.894656
2.78486 -39.2287 -0.881709
2.78824 -39.2769 -0.868762
2.79162 -39.3251 -0.855816
2.795 -39.3733 -0.842869
2.79838 -39.4215 -0.829923
2.80176 -39.4697 -0.816976
2.80514 -39.5179 -0.804029
2.80852 -39.5661 -0.791082
2.8119 -39.6143 -0.778136
2.81527 -39.6625 -0.765189
2.81865 -39.7107 -0.752243
2.82203 -39.7589 -0.739296
2.82541 -39.8071 -0.726349
2.82879 -39.8553 -0.713402
2.83217 -39.9035 -0.700456
2.83555 -39.9517 -0.687509
2.83893 -39.9999 -0.674562
2.84231 -40.0481 -0.661615
2.84569 -40.0963 -0.648669
2.84906 -40.1445 -0.635722
2.85244 -40.1927 -0.622775
2.85582 -40.2409 -0.609828
2.8592 -40.2891 -0.596882
2.86258 -40.3373 -0.583935
2.86596 -40.3855 -0.570989
2.86934 -40.4337 -0.558042
2.87272 -40.4819 -0.545095
2.8761 -40.5301 -0.532148
2.87948 -40.5783 -0.519202
2.88285 -40.6265 -0.506255
2.88623 -40.6747 -0.493308
2.88961 -40.7229 -0.480361
2.89299 -40.7711 -0.467415
2.89637 -40.8193 -0.454469
2.89975 -40.8675 -0.441522
2.90313 -40.9157 -0.428576
2.90651 -40.9639 -0.415628
2.90989 -41.0121 -0.402682
2.91327 -41.0603 -0.389735
2.91665 -41.1085 -0.376789
2.92002 -41.1567 -0.363842
2.9234 -41.2049 -0.350895
2.92678 -41.2531 -0.337948
2.93016 -41.3013 -0.325002
2.93354 -41.3495 -0.312055
2.93692 -41.3977 -0.299108
2.9403 -41.4459 -0.286161
2.94368 -41.4941 -0.273215
2.94706 -41.5423 -0.260268
2.95044 -41.5905 -0.247321
2.95381 -41.6387 -0.234375
2.95719 -41.6869 -0.221428
2.96057 -41.7351 -0.208481
2.96395 -41.7833 -0.195534
2.96733 -41.8315 -0.182588
2.97071 -41.8797 -0.169641
2.97409 -41.9279 -0.156694
2.97747 -41.9761 -0.143747
2.98085 -42.0243 -0.130801
2.98423 -42.0725 -0.117854
2.9876 -42.1207 -0.104908
2.99098 -42.1689 -0.0919609
2.99436 -42.2171 -0.0790148
2.99774 -42.2653 -0.0660682
3.00112 -42.3135 -0.0531211
3.0045 -42.3617 -0.0401745
3.00788 -42.4099 -0.0272279
3.01126 -42.4581 -0.0142813
3.01464 -42.5063 -0.00133467
3.01802 -42.5545 0.0116124
3.02139 -42.6027 0.024559
3.02477 -42.6509 0.0375056
3.02815 -42.6991 0.0504522
3.03153 -42.7473 0.0633993
3.03491 -42.7955 0.0763459
3.03829 -42.8437 0.0892925
3.04167 -42.8919 0.102239
3.04505 -42.9401 0.115186
3.04843 -42.9883 0.128133
3.05181 -43.0365 0.141079
3.05518 -43.0847 0.154026
3.05856 -43.1329 0.166973
3.06194 -43.1811 0.17992
3.06532 -43.2293 0.192866
3.0687 -43.2775 0.205813
3.07208 -43.3257 0.21876
3.07546 -43.3739 0.231707
3.07884 -43.4221 0.244653
3.08222 -43.4703 0.2576
3.0856 -43.5185 0.270546
3.08897 -43.5667 0.283494
3.09235 -43.6149 0.29644
3.09573 -43.6631 0.309386
3.09911 -43.7113 0.322332
3.10249 -43.7595 0.335279
3.10587 -43.8077 0.348227
3.10925 -43.8559 0.361173
3.11263 -43.9041 0.37412
3.11601 -43.9523 0.387066
3.11939 -44.0005 0.400013
3.12276 -44.0487 0.41296
3.12614 -44.0969 0.425906
3.12952 -44.1451 0.438853
3.1329 -44.1933 0.451799
3.13628 -44.2415 0.464746
3.13966 -44.2897 0.477694
3.14304 -44.3379 0.49064
3.14642 -44.3861 0.503587
3.1498 -44.4342 0.516534
3.15318 -44.4824 0.52948
3.15655 -44.5307 0.542427
3.15993 -44.5788 0.555373
3.16331 -44.627 0.56832
3.16669 -44.6752 0.581267
3.17007 -44.7234 0.594213
3.17345 -44.7716 0.607161
3.17683 -44.8198 0.620107
3.18021 -44.868 0.633054
3.18359 -44.9162 0.646001
3.18697 -44.9644 0.658947
3.19034 -45.0126 0.671894
3.19372 -45.0608 0.684841
3.1971 -45.109 0.697786
3.20048 -45.1572 0.710733
3.20386 -45.2054 0.72368
3.20724 -45.2536 0.736627
3.21062 -45.3018 0.749574
3.214 -45.35 0.76252
3.21738 -45.3982 0.775467
3.22076 -45.4464 0.788414
3.22413 -45.4946 0.80136
3.22751 -45.5428 0.814307
3.23089 -45.591 0.827254
3.23427 -45.6392 0.8402
3.23765 -45.6874 0.853148
3.24103 -45.7356 0.866094
3.24441 -45.7838 0.879041
3.24779 -45.832 0.891988
3.25117 -45.8802 0.904934
3.25455 -45.9284 0.917881
3.25792 -45.9766 0.930827
3.2613 -46.0248 0.943774
3.26468 -46.073 0.956721
3.26806 -46.1212 0.969667
3.27144 -46.1694 0.982615
3.27482 -46.2176 0.995562
3.2782 -46.2658 1.00851
3.28158 -46.314 1.02145
3.28496 -46.3622 1.0344
3.28834 -46.4104 1.04735
3.29171 -46.4586 1.0603
3.29509 -46.5068 1.07324
3.29847 -46.555 1.08619
3.30185 -46.6032 1.09913
3.30523 -46.6514 1.11208
3.30861 -46.6996 1.12503
3.31199 -46.7478 1.13797
3.31537 -46.796 1.15092
3.31875 -46.8442 1.16387
3.32213 -46.8924 1.17681
3.3255 -46.9406 1.18976
3.32888 -46.9888 1.20271
3.33226 -47.037 1.21565
3.33564 -47.0852 1.2286
3.33902 -47.1334 1.24155
3.3424 -47.1816 1.25449
3.34578 -47.2298 1.26744
3.34916 -47.278 1.28039
3.35254 -47.3262 1.29333
3.35592 -47.3744 1.30628
3.35929 -47.4226 1.31923
3.36267 -47.4708 1.33218
3.36605 -47.519 1.34512
3.36943 -47.5672 1.35807
3.37281 -47.6154 1.37102
3.37619 -47.6636 1.38396
3.37957 -47.7118 1.39691
3.38295 -47.76 1.40985
3.38633 -47.8082 1.4228
3.38971 -47.8564 1.43575
3.39308 -47.9046 1.4487
3.39646 -47.9528 1.46164
3.39984 -48.001 1.47459
3.40322 -48.0492 1.48753
3.4066 -48.0974 1.50048
3.40998 -48.1456 1.51343
3.41336 -48.1938 1.52637
3.41674 -48.242 1.53932
3.42012 -48.2902 1.55227
3.4235 -48.3384 1.56522
3.42687 -48.3866 1.57816
3.43025 -48.4348 1.59111
3.43363 -48.483 1.60406
3.43701 -48.5312 1.617
3.44039 -48.5794 1.62995
3.44377 -48.6276 1.6429
3.44715 -48.6758 1.65584
3.45053 -48.724 1.66879
3.45391 -48.7722 1.68174
3.45729 -48.8204 1.69468
3.46066 -48.8686 1.70763
3.46404 -48.9168 1.72058
3.46742 -48.965 1.73352
3.4708 -49.0132 1.74647
3.47418 -49.0614 1.75942
3.47756 -49.1096 1.77236
3.48094 -49.1578 1.78531
3.48432 -49.206 1.79826
3.4877 -49.2542 1.8112
3.49108 -49.3024 1.82415
3.49445 -49.3506 1.8371
3.49783 -49.3988 1.85004
3.50121 -49.447 1.86299
3.50459 -49.4952 1.87594
3.50797 -49.5434 1.88888
3.51135 -49.5916 1.90183
3.51473 -49.6398 1.91478
3.51811 -49.688 1.92772
3.52149 -49.7362 1.94067
3.52487 -49.7844 1.95362
3.52824 -49.8326 1.96656
3.53162 -49.8808 1.97951
3.535 -49.929 1.99246
3.53838 -49.9772 2.0054
3.54176 -50.0254 2.01835
3.54514 -50.0736 2.0313
3.54852 -50.1218 2.04424
3.5519 -50.17 2.05719
3.55528 -50.2182 2.07014
3.55866 -50.2664 2.08308
3.56203 -50.3146 2.09603
3.56541 -50.3628 2.10898
3.56879 -50.411 2.12192
3.57217 -50.4592 2.13487
3.57555 -50.5074 2.14782
3.57893 -50.5556 2.16076
3.58231 -50.6038 2.17371
3.58569 -50.652 2.18666
3.58907 -50.7002 2.1996
3.59245 -50.7484 2.21255
3.59582 -50.7966 2.2255
3.5992 -50.8448 2.23844
3.60258 -50.893 2.25139
3.60596 -50.9412 2.26434
3.60934 -50.9894 2.27728
3.61272 -51.0376 2.29023
3.6161 -51.0858 2.30318
3.61948 -51.134 2.31612
3.62286 -51.1822 2.32907
3.62624 -51.2304 2.34202
3.62961 -51.2786 2.35496
3.63299 -51.3268 2.36791
3.63637 -51.375 2.38086
3.63975 -51.4232 2.3938
3.64313 -51.4714 2.40675
3.64651 -51.5196 2.4197
3.64989 -51.5678 2.43264
3.65327 -51.616 2.44559
3.65665 -51.6642 2.45854
3.66003 -51.7124 2.47148
3.6634 -51.7606 2.48443
3.66678 -51.8088 2.49738
3.67016 -51.857 2.51032
3.67354 -51.9052 2.52327
3.67692 -51.9534 2.53622
3.6803 -52.0016 2.54916
3.68368 -52.0498 2.56211
3.68706 -52.098 2.57506
3.69044 -52.1462 2.588
3.69382 -52.1944 2.60095
3.69719 -52.2426 2.6139
3.70057 -52.2908 2.62684
3.70395 -52.339 2.63979
3.70733 -52.3872 2.65274
3.71071 -52.4354 2.66568
3.71409 -52.4836 2.67863
3.71747 -52.5317 2.69158
3.72085 -52.58 2.70452
3.72423 -52.6282 2.71747
3.72761 -52.6763 2.73042
3.73098 -52.7245 2.74336
3.73436 -52.7727 2.75631
3.73774 -52.8209 2.76926
3.74112 -52.8691 2.7822
3.7445 -52.9173 2.79515
3.74788 -52.9655 2.8081
3.75126 -53.0137 2.82104
3.75464 -53.0619 2.83399
3.75802 -53.1101 2.84694
3.7614 -53.1583 2.85988
3.76477 -53.2065 2.87283
3.76815 -53.2547 2.88578
3.77153 -53.3029 2.89872
3.77491 -53.3511 2.91167
3.77829 -53.3993 2.92462
3.78167 -53.4475 2.93756
3.78505 -53.4957 2.95051
3.78843 -53.5439 2.96346
3.79181 -53.5921 2.97641
3.79519 -53.6403 2.98935
3.79856 -53.6885 3.0023
3.80194 -53.7367 3.01525
3.80532 -53.7849 3.02819
3.8087 -53.8331 3.04114
3.81208 -53.8813 3.05408
3.81546 -53.9295 3.06703
3.81884 -53.9777 3.07998
3.82222 -54.0259 3.09292
3.8256 -54.0741 3.10587
3.82898 -54.1223 3.11882
3.83235 -54.1705 3.13176
3.83573 -54.2187 3.14471
3.83911 -54.2669 3.15766
3.84249 -54.3151 3.1706
3.84587 -54.3633 3.18355
3.84925 -54.4115 3.1965
3.85263 -54.4597 3.20944
3.85601 -54.5079 3.22239
3.85939 -54.5561 3.23534
3.86277 -54.6043 3.24829
3.86614 -54.6525 3.26123
3.86952 -54.7007 3.27418
3.8729 -54.7489 3.28713
