-2.19249 -7.96749 -4.075
-2.24249 -7.96749 -4.1
-2.29249 -7.99249 -4.1375
-2.34249 -7.99249 -4.15
-2.39249 -8.01749 -4.175
-2.44249 -8.01749 -4.2
-2.49249 -8.06749 -4.225
-2.54249 -8.07582 -4.24167
-2.59249 -8.10916 -4.25834
-2.64249 -8.15916 -4.29167
-2.69249 -8.15916 -4.30833
-2.74249 -8.21749 -4.325
-2.79249 -8.22583 -4.34167
-2.84249 -8.25916 -4.35834
-2.89249 -8.27583 -4.39167
-2.94249 -8.27583 -4.40834
-2.99249 -8.31749 -4.425
-3.04249 -8.31749 -4.45
-3.09249 -8.34249 -4.4875
-3.14249 -8.35916 -4.50834
-3.19249 -8.37583 -4.54167
-3.24249 -8.39249 -4.5625
-3.29249 -8.40916 -4.59167
-3.34249 -8.40916 -4.60834
-3.40499 -8.42999 -4.6375
-3.44249 -8.46749 -4.7
-3.49249 -8.49249 -4.7375
-3.54249 -8.52583 -4.79167
-3.59249 -8.54249 -4.8375
-3.64249 -8.55916 -4.89167
-3.69249 -8.56749 -4.925
-3.74249 -8.56749 -4.975
-3.79249 -8.59249 -5.025
-4.09249 -8.59249 -5.325
-4.14249 -8.54249 -5.375
-4.19249 -8.54249 -5.425
-4.26749 -8.59249 -5.475
-4.30916 -8.62583 -5.525
-4.31749 -8.64249 -5.575
-4.34249 -8.66749 -5.625
-4.36749 -8.66749 -5.675
-4.39249 -8.69249 -5.725
-4.41749 -8.69249 -5.775
-4.42583 -8.70916 -5.825
-4.47583 -8.72583 -5.875
-4.50916 -8.75916 -5.975
-4.52583 -8.75916 -6.025
-4.54249 -8.79249 -6.075
-4.54249 -8.79249 -6.175
-4.59249 -8.79249 -6.275
-4.59249 -8.79249 -6.425
-4.64249 -8.79249 -6.525
-4.64249 -8.79249 -6.575
-4.64249 -8.76749 -6.625
-4.62583 -8.75916 -6.675
-4.64249 -8.74249 -6.725
-4.62027 -8.71472 -6.81944
-4.64249 -8.66749 -6.925
-4.64249 -8.66749 -6.975
-4.64249 -8.64249 -7.025
-4.64249 -8.64249 -7.125
-4.67583 -8.62583 -7.175
-4.67583 -8.60916 -7.225
-4.69249 -8.59249 -7.275
-4.69249 -8.59249 -7.325
-4.66749 -8.59249 -7.375
-4.66749 -8.59249 -7.425
-4.69249 -8.59249 -7.475
-4.69249 -8.56749 -7.525
-4.66749 -8.54249 -7.575
-4.66749 -8.54249 -7.625
-4.64249 -8.54249 -7.675
-4.67583 -8.60916 -7.775
-4.69249 -8.67583 -7.80833
-4.69249 -8.74249 -7.85
-4.69249 -8.79249 -7.9
-4.66749 -8.84249 -7.95
-4.65916 -8.89249 -8.00834
-4.65916 -8.94249 -8.05833
-4.67583 -8.99249 -8.09167
-4.69249 -9.04249 -8.15
-4.69249 -9.04249 -8.175
-4.74249 -8.99249 -8.125
-4.79249 -8.94249 -8.125
-4.94249 -8.94249 -8.125
-4.95499 -8.92999 -8.1125
-4.99249 -8.97583 -8.15833
-4.97583 -9.00916 -8.225
-5.01749 -9.06749 -8.275
-5.06749 -9.06749 -8.325
-5.11749 -9.11749 -8.375
-5.17999 -9.15499 -8.4125
-5.27999 -9.20499 -8.5125
-5.31749 -9.21749 -8.575
-5.37999 -9.22999 -8.6125
-5.42583 -9.24249 -8.65834
-5.42999 -9.24249 -8.725
-5.47583 -9.25916 -8.77501
-5.50916 -9.27583 -8.825
-5.56749 -9.31749 -8.875
-5.62999 -9.37999 -8.9125
-5.66749 -9.41749 -8.975
-5.71749 -9.46749 -9.02501
-5.76749 -9.54249 -9.075
-5.82583 -9.57583 -9.125
-5.87583 -9.62583 -9.125
-5.91749 -9.69249 -9.125
-5.97583 -9.74249 -9.14167
-6.00916 -9.79249 -9.15834
-6.06749 -9.84249 -9.175
-6.21749 -9.99249 -9.175
-6.24249 -10.0425 -9.175
-6.24249 -10.0925 -9.175
-6.41749 -10.4425 -9.175
-6.46749 -10.4925 -9.175
-6.49249 -10.5425 -9.175
-6.49249 -10.5925 -9.175
-6.51749 -10.6425 -9.175
-6.56749 -10.7425 -9.225
-6.59249 -10.7925 -9.225
-6.69249 -10.9925 -9.325
-6.69249 -11.0425 -9.35
-6.74249 -11.1425 -9.4
-6.74249 -11.2425 -9.45
-6.77583 -11.2925 -9.49167
-6.77583 -11.3425 -9.49167
-6.79249 -11.3925 -9.55
-6.81749 -11.4425 -9.6
-6.84249 -11.4758 -9.65833
-6.84249 -11.5258 -9.70833
-6.85916 -11.5758 -9.775
-6.87583 -11.6092 -9.825
-6.89249 -11.6675 -9.875
-6.90916 -11.6758 -9.925
-6.92583 -11.7092 -10.025
-6.94249 -11.7175 -10.075
-6.92583 -11.7592 -10.125
-6.94249 -11.7925 -10.175
-6.94249 -11.8175 -10.225
-6.94249 -11.8175 -10.275
-6.94249 -11.8675 -10.325
-6.99249 -11.9425 -10.375
-6.96749 -11.9925 -10.425
-6.96749 -12.0925 -10.525
-6.94249 -12.1425 -10.55
-6.94249 -12.1925 -10.6
-6.94249 -12.2258 -10.6583
-6.92583 -12.2592 -10.725
-6.94249 -12.3258 -10.7583
-6.92583 -12.3592 -10.825
-6.92583 -12.4092 -10.875
-6.91749 -12.4675 -10.925
-6.89249 -12.4925 -10.975
-6.89249 -12.5175 -11.025
-6.84249 -12.5675 -11.125
-6.84249 -12.6258 -11.1583
-6.81749 -12.6675 -11.225
-6.79249 -12.7258 -11.2583
-6.77999 -12.78 -11.3125
-6.75499 -12.83 -11.3625
-6.74249 -12.8758 -11.4083
-6.71749 -12.9175 -11.475
-6.66749 -12.9675 -11.575
-6.65916 -13.0092 -11.625
-6.62583 -13.0258 -11.675
-6.61749 -13.0425 -11.725
-6.56749 -13.0675 -11.775
-6.54249 -13.0925 -11.825
-6.50916 -13.1092 -11.875
-6.49249 -13.1175 -11.925
-6.46749 -13.1425 -11.975
-6.41749 -13.1425 -12.075
-6.41749 -13.1425 -12.125
-6.35916 -13.1592 -12.175
-6.32583 -13.1758 -12.225
-6.26749 -13.1925 -12.275
-6.26749 -13.1925 -12.325
-5.86749 -13.1925 -12.725
-5.80916 -13.2092 -12.775
-5.76749 -13.2925 -12.825
-5.74249 -13.3425 -12.85
-5.75916 -13.3925 -12.8583
-5.75916 -13.4425 -12.8917
-5.74249 -13.4925 -12.9
-5.75916 -13.5425 -12.9083
-5.76749 -13.5925 -12.925
-5.76749 -13.6425 -12.925
-5.75916 -13.6925 -12.9417
-5.74249 -13.7425 -12.95
-5.74249 -13.8425 -12.95
-5.75916 -13.8925 -12.9583
-5.74249 -13.9425 -13
-5.75916 -13.9925 -13.0083
-5.74249 -14.0425 -13.05
-5.74249 -14.1925 -13.05
-5.72583 -14.2425 -13.0583
-5.71749 -14.2925 -13.075
-5.71749 -14.4925 -13.175
-5.70916 -14.5425 -13.1917
-5.69249 -14.5925 -13.2
-5.69249 -14.6925 -13.2
-5.67583 -14.7425 -13.2083
-5.65916 -14.8425 -13.2417
-5.65916 -14.8925 -13.2583
-5.65916 -14.9425 -13.2917
-5.62583 -15.0425 -13.3083
-5.60916 -15.1425 -13.3417
-5.59249 -15.1925 -13.35
-5.59249 -15.2425 -13.35
-5.59249 -15.2925 -13.4
-5.57583 -15.3425 -13.4083
-5.55916 -15.4425 -13.4417
-5.54249 -15.4925 -13.45
-5.54249 -15.5425 -13.45
-5.55916 -15.5925 -13.4583
-5.51749 -15.6425 -13.475
-5.51749 -15.7425 -13.475
-5.50916 -15.7925 -13.4917
-5.49249 -15.8425 -13.5
-5.49249 -15.9425 -13.5
-5.47583 -15.9925 -13.5083
-5.45916 -16.0425 -13.5083
-5.44249 -16.0925 -13.5
-5.44249 -16.1425 -13.5
-5.42583 -16.1925 -13.5083
-5.40916 -16.2425 -13.5083
-5.41749 -16.2925 -13.525
-5.37583 -16.3425 -13.5083
-5.36749 -16.3925 -13.525
-5.36749 -16.4425 -13.525
-5.35916 -16.4925 -13.5083
-5.32583 -16.5425 -13.5083
-5.31749 -16.5925 -13.525
-5.30916 -16.6425 -13.5083
-5.27583 -16.6925 -13.5083
-5.25916 -16.7925 -13.5417
-5.21749 -16.8425 -13.525
-5.20916 -16.8925 -13.5417
-5.19249 -16.9425 -13.55
-5.17583 -16.9925 -13.5417
-5.15916 -17.0425 -13.5417
-5.12583 -17.0925 -13.5417
-5.10916 -17.1425 -13.5417
-5.07583 -17.1925 -13.5417
-5.05916 -17.2425 -13.5417
-5.02583 -17.2925 -13.5417
-5.02583 -17.3425 -13.5583
-5.00916 -17.3925 -13.5583
-4.97583 -17.4425 -13.5583
-4.95916 -17.4925 -13.5583
-4.92583 -17.5425 -13.5583
-4.90916 -17.6425 -13.5917
-4.87583 -17.7425 -13.6083
-4.85916 -17.8425 -13.6417
-4.82583 -17.8925 -13.6583
-4.80916 -17.9925 -13.6917
-4.77583 -18.0425 -13.7083
-4.75916 -18.1425 -13.7417
-4.72583 -18.1925 -13.7583
-4.72583 -18.2425 -13.7917
-4.72583 -18.2925 -13.8083
-4.70916 -18.3425 -13.8083
-4.67583 -18.3925 -13.8083
-4.65916 -18.4425 -13.8417
-4.62583 -18.4925 -13.8583
-4.60916 -18.5425 -13.8583
-4.59249 -18.5925 -13.875
-4.55916 -18.6425 -13.8917
-4.54249 -18.6925 -13.9
-4.49249 -18.7925 -13.9
-4.47583 -18.8425 -13.9083
-4.44249 -18.8925 -13.9125
-4.41749 -18.9425 -13.925
-4.37583 -18.9925 -13.9083
-4.35916 -19.0425 -13.9083
-4.27583 -19.1425 -13.9417
-4.25916 -19.1925 -13.9417
-4.22583 -19.2425 -13.9583
-4.20916 -19.2925 -13.9583
-4.16749 -19.3425 -13.95
-4.12582 -19.3925 -13.9583
-4.09249 -19.4425 -13.9625
-4.04249 -19.4925 -13.9625
-4.00916 -19.5425 -13.9583
-3.97582 -19.5925 -13.9583
-3.91749 -19.6425 -13.95
-3.85499 -19.68 -13.9375
-3.80499 -19.73 -13.9375
-3.75499 -19.78 -13.9625
-3.69249 -19.8258 -13.9583
-3.64249 -19.8592 -13.9917
-3.59249 -19.8758 -13.9917
-3.54249 -19.9258 -14.0083
-3.49249 -19.9675 -14.025
-3.44249 -19.9675 -14.025
-3.39249 -19.9925 -14.05
-3.34249 -20.0258 -14.0583
-3.29249 -20.0425 -14.075
-3.24249 -20.0675 -14.075
-3.19249 -20.0758 -14.0583
-3.14249 -20.0925 -14.075
-3.09249 -20.1092 -14.0583
-3.04249 -20.1258 -14.0583
-2.99249 -20.1425 -14.1
-2.94249 -20.1592 -14.1083
-2.89249 -20.2425 -14.125
-2.86749 -20.2925 -14.125
-2.85916 -20.3425 -14.1083
-2.82583 -20.3925 -14.1083
-2.80916 -20.4425 -14.1083
-2.77583 -20.4925 -14.1083
-2.75916 -20.5425 -14.1083
-2.72583 -20.5925 -14.1083
-2.70916 -20.6425 -14.1083
-2.65916 -20.6925 -14.1083
-2.61749 -20.7425 -14.1
-2.56749 -20.7925 -14.1
-2.52583 -20.8425 -14.0917
-2.49249 -20.8925 -14.0875
-2.44249 -20.9425 -14.0875
-2.34249 -20.9925 -14.05
-2.24249 -21.0925 -14.05
-2.19249 -21.1258 -14.0417
-2.14249 -21.1675 -14.05
-2.10499 -21.23 -14.0625
-2.05499 -21.28 -14.0625
-1.99249 -21.3175 -14.1
-1.94249 -21.3675 -14.1
-1.89249 -21.4092 -14.1083
-1.84249 -21.4258 -14.1083
-1.79249 -21.4675 -14.15
-1.74249 -21.5092 -14.1583
-1.69249 -21.5175 -14.175
-1.64249 -21.5592 -14.1917
-1.59249 -21.5758 -14.1917
-1.54249 -21.6092 -14.2083
-1.49249 -21.6258 -14.2083
-1.44249 -21.6425 -14.2
-1.39249 -21.6425 -14.2
-1.34249 -21.6592 -14.2083
-1.29249 -21.6758 -14.2083
-1.24249 -21.6925 -14.2
-1.19249 -21.7175 -14.225
-1.14249 -21.7175 -14.225
-1.09249 -21.7258 -14.2417
-1.04249 -21.7425 -14.25
-0.942494 -21.7925 -14.25
-0.892494 -21.7925 -14.25
-0.842494 -21.7925 -14.275
-0.792494 -21.8175 -14.275
-0.692494 -21.8175 -14.275
-0.642494 -21.8425 -14.3
-0.592494 -21.8592 -14.3083
-0.542494 -21.8758 -14.3083
-0.492494 -21.8925 -14.3
-0.392494 -21.8925 -14.35
-0.342494 -21.9092 -14.3583
-0.292494 -21.9175 -14.375
-0.242494 -21.9258 -14.3583
-0.192495 -21.9258 -14.3583
-0.142495 -21.9175 -14.375
0.057505 -21.9175 -14.375
0.107505 -21.9258 -14.3917
0.157505 -21.9258 -14.4083
0.257505 -21.9092 -14.4417
0.307505 -21.8925 -14.45
0.357505 -21.8925 -14.45
0.407505 -21.8675 -14.475
0.507505 -21.8675 -14.525
0.807508 -21.8675 -14.525
0.857508 -21.8758 -14.5417
0.907508 -21.8925 -14.55
1.00751 -21.8925 -14.55
1.05751 -21.8675 -14.575
1.10751 -21.8758 -14.5917
1.15751 -21.8758 -14.6083
1.20751 -21.8592 -14.6083
1.30751 -21.8258 -14.6417
1.35751 -21.8425 -14.65
1.45751 -21.7925 -14.65
1.50751 -21.7758 -14.6417
1.55751 -21.7925 -14.65
1.65751 -21.7925 -14.65
1.70751 -21.7758 -14.6417
1.75751 -21.7592 -14.6417
1.80751 -21.7425 -14.65
1.85751 -21.7592 -14.6583
1.90751 -21.7258 -14.6917
1.95751 -21.7592 -14.7083
2.05751 -21.7258 -14.7417
2.10751 -21.7258 -14.7583
2.15751 -21.7092 -14.7583
2.20751 -21.6925 -14.775
2.25751 -21.6925 -14.775
2.30751 -21.7175 -14.775
2.35751 -21.6925 -14.775
2.40751 -21.6925 -14.775
2.45751 -21.68 -14.7625
2.50751 -21.6425 -14.75
2.65751 -21.6425 -14.75
2.70751 -21.6258 -14.7583
2.75751 -21.6175 -14.775
2.85751 -21.6175 -14.775
2.90751 -21.5675 -14.775
3.00751 -21.5675 -14.775
3.05751 -21.5425 -14.75
3.10751 -21.5425 -14.75
3.15751 -21.5175 -14.775
3.25751 -21.5175 -14.825
3.30751 -21.5092 -14.8083
3.40751 -21.4758 -14.7917
3.45751 -21.4758 -14.8083
3.50751 -21.4675 -14.825
3.55751 -21.4592 -14.8083
3.60751 -21.4425 -14.8
3.65751 -21.4258 -14.8083
3.70751 -21.4092 -14.8417
3.75751 -21.4092 -14.8583
3.80751 -21.4175 -14.875
3.8575 -21.3925 -14.85
3.90751 -21.3675 -14.85
3.95751 -21.3675 -14.875
4.0075 -21.3425 -14.85
4.05751 -21.3258 -14.8583
4.10751 -21.3092 -14.8917
4.20751 -21.2758 -14.9083
4.25751 -21.2425 -14.925
4.30751 -21.2175 -14.925
4.35751 -21.2175 -14.95
4.40751 -21.1675 -14.975
4.45751 -21.1425 -15
4.50751 -21.1258 -15.0083
4.55751 -21.0675 -15.025
4.60751 -21.0425 -15.05
4.65751 -21.0258 -15.0583
4.70751 -20.9675 -15.05
4.75751 -20.9675 -15.075
4.85751 -20.9175 -15.075
4.90751 -20.9092 -15.0917
5.00751 -20.8758 -15.1083
5.05751 -20.8592 -15.1083
5.10751 -20.8258 -15.0917
5.15751 -20.8175 -15.1
5.20751 -20.8175 -15.125
5.25751 -20.7925 -15.1
5.30751 -20.7758 -15.1083
5.35751 -20.7258 -15.1083
5.40751 -20.7175 -15.125
5.50751 -20.6175 -15.125
5.55751 -20.6092 -15.1417
5.60751 -20.5675 -15.15
5.65751 -20.5175 -15.125
5.70751 -20.5092 -15.1417
5.75751 -20.4758 -15.1583
5.80751 -20.4258 -15.1583
5.85751 -20.3592 -15.1917
5.90751 -20.3258 -15.2083
5.95751 -20.2925 -15.2125
6.00751 -20.1925 -15.225
6.05751 -20.1425 -15.275
6.10751 -20.0925 -15.275
6.15751 -20.0425 -15.325
6.25751 -19.9425 -15.325
6.29084 -19.8925 -15.3417
6.34084 -19.8425 -15.3583
6.38251 -19.7925 -15.375
6.43251 -19.7425 -15.4
6.47417 -19.6925 -15.4083
6.49084 -19.6425 -15.4417
6.53251 -19.5925 -15.475
6.58251 -19.5425 -15.5
6.60751 -19.4925 -15.5
6.63251 -19.4425 -15.525
6.64084 -19.3925 -15.5417
6.68251 -19.3425 -15.55
6.70751 -19.2925 -15.55
6.72417 -19.2425 -15.5583
6.73251 -19.1925 -15.575
6.74084 -19.1425 -15.5583
6.75751 -19.0925 -15.6
6.77417 -19.0425 -15.6083
6.79084 -18.9925 -15.6083
6.80751 -18.9425 -15.6
6.82417 -18.8925 -15.6417
6.84084 -18.8425 -15.6417
6.85751 -18.7925 -15.65
6.85751 -18.7425 -15.65
6.87417 -18.6925 -15.6583
6.88251 -18.6425 -15.675
6.88251 -18.5425 -15.675
6.89084 -18.4925 -15.6917
6.90751 -18.4425 -15.725
6.90751 -18.3925 -15.725
6.93251 -18.3425 -15.725
7.00751 -18.3175 -15.725
7.10751 -18.2675 -15.725
7.15751 -18.2175 -15.725
7.20751 -18.2175 -15.725
7.25751 -18.1758 -15.7083
7.30751 -18.1258 -15.7083
7.35751 -18.0425 -15.725
7.60751 -17.7925 -15.725
7.65751 -17.7425 -15.7
7.70751 -17.6925 -15.7
7.73251 -17.6425 -15.7
7.78251 -17.5925 -15.7
7.80751 -17.5425 -15.7
7.82417 -17.4925 -15.6917
7.83251 -17.4425 -15.675
7.88251 -17.3925 -15.675
7.89084 -17.3425 -15.6583
7.90751 -17.2925 -15.65
7.90751 -17.2425 -15.65
7.92417 -17.1925 -15.6417
7.94084 -17.1425 -15.6417
7.95751 -17.0925 -15.65
7.97417 -17.0425 -15.6417
7.98251 -16.9925 -15.625
7.98251 -16.8425 -15.625
8.00751 -16.7925 -15.625
8.00751 -16.7425 -15.625
8.02417 -16.6925 -15.6417
8.03251 -16.6425 -15.625
8.03251 -16.4425 -15.625
8.04084 -16.3925 -15.6083
8.0575 -16.3425 -15.6
8.0575 -15.9425 -15.6
8.10751 -15.8425 -15.6
8.10751 -15.7425 -15.65
8.10751 -15.6925 -15.65
8.12417 -15.6425 -15.6417
8.13251 -15.5925 -15.625
8.13251 -14.4925 -15.625
8.10751 -14.4425 -15.625
8.10751 -14.3425 -15.625
8.10751 -14.2925 -15.6
8.10751 -14.1925 -15.6
8.09084 -14.1425 -15.6083
8.08251 -14.0925 -15.625
8.07417 -14.0425 -15.6083
8.0575 -13.9925 -15.6
8.0575 -13.8925 -15.55
8.04084 -13.8425 -15.5583
8.02417 -13.7925 -15.5583
8.00751 -13.7425 -15.55
8.00751 -13.6925 -15.525
8.00751 -13.6425 -15.525
8.00751 -13.5925 -15.5
8.00751 -13.5425 -15.5
8.00751 -13.4425 -15.45
8.00751 -13.3925 -15.45
8.00751 -13.2925 -15.4
8.00751 -13.1925 -15.4
8.00751 -13.0925 -15.35
8.00751 -13.0425 -15.35
7.99084 -12.9925 -15.3417
7.98251 -12.9425 -15.325
7.95751 -12.8925 -15.325
7.95751 -12.7425 -15.25
7.94084 -12.6925 -15.2583
7.92417 -12.6425 -15.2583
7.90751 -12.5925 -15.225
7.90751 -12.5425 -15.2
7.88251 -12.4925 -15.175
7.87417 -12.4425 -15.1583
7.85751 -12.3925 -15.125
7.85751 -12.3425 -15.125
7.80751 -12.2425 -15.075
7.80751 -12.1925 -15.075
7.80751 -12.1258 -15.0417
7.85751 -12.0675 -15.025
7.92751 -12.0125 -15.015
7.99084 -11.9758 -14.975
8.19084 -11.7758 -14.775
8.22001 -11.7425 -14.725
8.22417 -11.7092 -14.675
8.25751 -11.6675 -14.625
8.35751 -11.5675 -14.525
8.5575 -11.4675 -14.325
8.60751 -11.4175 -14.275
8.70751 -11.3675 -14.175
8.75751 -11.3175 -14.125
8.83251 -11.2925 -14.075
8.85751 -11.2675 -14.025
8.93251 -11.2425 -13.975
8.93251 -11.2175 -13.925
8.99084 -11.1758 -13.875
9.00751 -11.1675 -13.825
9.04084 -11.1258 -13.775
9.09084 -11.0758 -13.725
9.10751 -11.0675 -13.675
9.14084 -11.0258 -13.625
9.18251 -10.9925 -13.575
9.19084 -10.9258 -13.525
9.23251 -10.8925 -13.475
9.24084 -10.8258 -13.425
9.25751 -10.7925 -13.375
9.27418 -10.7425 -13.2917
9.29501 -10.68 -13.2625
9.30751 -10.6325 -13.215
9.30751 -10.5825 -13.165
9.32001 -10.53 -13.1125
9.29501 -10.48 -13.0625
9.28251 -10.4175 -13.025
9.29084 -10.3758 -12.975
9.29084 -10.3592 -12.925
9.33251 -10.3175 -12.875
9.33251 -10.2925 -12.825
9.35751 -10.2675 -12.775
9.35751 -10.2675 -12.725
9.35751 -10.2175 -12.675
9.37417 -10.2092 -12.625
9.38251 -10.1675 -12.575
9.38251 -10.1425 -12.525
9.39084 -10.0758 -12.475
9.39084 -10.0592 -12.425
9.40751 -10.0258 -12.3583
9.42001 -9.97999 -12.3125
9.42001 -9.92999 -12.2625
9.39084 -9.85916 -12.225
9.39084 -9.80916 -12.175
9.38251 -9.76749 -12.125
9.38251 -9.71749 -12.025
9.35751 -9.66749 -11.975
9.34084 -9.65916 -11.925
9.34084 -9.60916 -11.875
9.33251 -9.56749 -11.825
9.32001 -9.52999 -11.7625
9.30751 -9.47583 -11.7083
9.28251 -9.41749 -11.675
9.24501 -9.34249 -11.625
9.24084 -9.30916 -11.575
9.23251 -9.29249 -11.525
9.24084 -9.27583 -11.475
9.24084 -9.25916 -11.425
9.24084 -9.22583 -11.375
9.24084 -9.20916 -11.325
9.22418 -9.17583 -11.225
9.20751 -9.17583 -11.1583
9.17001 -9.12999 -11.1125
9.13251 -9.06749 -11.075
9.13251 -9.05499 -11
9.08751 -9.03249 -10.945
9.03251 -8.99249 -10.9
8.98251 -8.94249 -10.875
8.95751 -8.89249 -10.85
8.85751 -8.79249 -10.75
8.78251 -8.74249 -10.725
8.75751 -8.69249 -10.7
8.69084 -8.64249 -10.6583
8.65751 -8.59249 -10.625
8.45751 -8.39249 -10.525
8.38251 -8.34249 -10.525
8.38251 -8.29249 -10.5
8.33251 -8.24249 -10.475
8.27417 -8.19249 -10.4583
8.24084 -8.14249 -10.4417
8.17417 -8.09249 -10.4083
8.14084 -8.04249 -10.3917
8.08251 -7.99249 -10.375
8.03251 -7.94249 -10.375
7.97417 -7.89249 -10.3583
7.94084 -7.84249 -10.3417
7.88251 -7.79249 -10.325
7.83251 -7.74249 -10.325
7.78251 -7.64249 -10.325
7.72417 -7.59249 -10.3083
7.68251 -7.54249 -10.275
7.63251 -7.49249 -10.225
7.60751 -7.44249 -10.175
7.54084 -7.35916 -10.125
7.53251 -7.34249 -10.075
7.53251 -7.34249 -9.875
7.48251 -7.34249 -9.825
7.48251 -7.34249 -9.675
7.47417 -7.35916 -9.625
7.45751 -7.36749 -9.575
7.45751 -7.36749 -9.475
7.47417 -7.35916 -9.425
7.49084 -7.32582 -9.375
7.50751 -7.31749 -9.325
7.50751 -7.31749 -9.275
7.50751 -7.29249 -9.225
7.50751 -7.31749 -9.175
7.52417 -7.32582 -9.125
7.53251 -7.34249 -9.075
7.57417 -7.35916 -9.02501
7.59084 -7.35916 -8.975
7.60751 -7.36749 -8.925
7.60751 -7.39249 -8.875
7.60751 -7.39249 -8.825
7.59084 -7.40916 -8.77501
7.60751 -7.44249 -8.725
7.60751 -7.46749 -8.675
7.65751 -7.46749 -8.575
7.65751 -7.49249 -8.525
7.65751 -7.49249 -8.425
7.63251 -7.49249 -8.375
7.63251 -7.49249 -8.225
7.68251 -7.49249 -8.175
7.68251 -7.49249 -7.875
7.69084 -7.47582 -7.825
7.70751 -7.46749 -7.775
7.69084 -7.45916 -7.725
7.68251 -7.44249 -7.675
7.68251 -7.44249 -7.625
7.69084 -7.42582 -7.575
7.69084 -7.40916 -7.525
7.67417 -7.40916 -7.475
7.65751 -7.39249 -7.425
7.65751 -7.39249 -7.375
7.65751 -7.36749 -7.325
7.64084 -7.35916 -7.275
7.62417 -7.32582 -7.175
7.59084 -7.30916 -7.125
7.57417 -7.30916 -7.075
7.55751 -7.26749 -7.025
7.53251 -7.26749 -6.975
7.48251 -7.26749 -6.925
7.45751 -7.21749 -6.875
7.44084 -7.20916 -6.825
7.39084 -7.15916 -6.775
7.39084 -7.14249 -6.70834
7.34501 -7.10499 -6.6625
7.29501 -7.05499 -6.6125
7.24501 -7.05499 -6.5625
7.18251 -7.01749 -6.525
7.14084 -7.00916 -6.475
7.09084 -6.97583 -6.425
7.07417 -6.97583 -6.375
7.04084 -7.00916 -6.325
7.00751 -6.96749 -6.275
6.90751 -6.96749 -6.175
6.85751 -6.91749 -6.125
6.75751 -6.91749 -6.025
6.70751 -6.89249 -5.975
6.65751 -6.87583 -5.89167
6.60751 -6.86749 -5.85
6.55751 -6.82582 -5.80833
6.50751 -6.80916 -5.75833
6.45751 -6.81749 -5.725
6.40751 -6.79249 -5.675
6.33251 -6.79249 -5.625
6.28251 -6.79249 -5.575
6.23251 -6.81749 -5.525
6.19501 -6.80499 -5.4625
6.14501 -6.80499 -5.4125
6.10751 -6.79249 -5.35
6.05751 -6.76749 -5.3
6.00751 -6.75916 -5.24167
5.95751 -6.74249 -5.2
5.90751 -6.74249 -5.15
5.85751 -6.71749 -5.1
5.80751 -6.70916 -5.05834
5.75751 -6.69249 -5.05
5.70751 -6.69249 -5
5.65751 -6.69249 -5
5.60751 -6.66749 -4.95
5.55751 -6.65916 -4.90834
5.50751 -6.65916 -4.89167
5.45751 -6.64249 -4.85
5.40751 -6.65916 -4.84167
5.35751 -6.64249 -4.8
5.30751 -6.65916 -4.79167
5.25751 -6.64249 -4.75
5.20751 -6.62583 -4.74167
5.15751 -6.59249 -4.7
5.10751 -6.59249 -4.7
5.05751 -6.59249 -4.675
5.00751 -6.56749 -4.65
4.95751 -6.56749 -4.625
4.90751 -6.54249 -4.6
4.85751 -6.55916 -4.59167
4.80751 -6.56749 -4.575
4.75751 -6.54249 -4.55
4.70751 -6.54249 -4.55
4.65751 -6.56749 -4.5
4.60751 -6.55916 -4.44167
4.55751 -6.54249 -4.425
4.50751 -6.55916 -4.39167
4.45751 -6.54249 -4.35
4.40751 -6.55916 -4.34167
4.35751 -6.54249 -4.3
4.30751 -6.56749 -4.3
4.25751 -6.59249 -4.275
4.20751 -6.60916 -4.24167
4.15751 -6.61749 -4.225
4.10751 -6.59249 -4.2
4.05751 -6.61749 -4.2
4.0075 -6.61749 -4.175
3.95751 -6.62583 -4.15833
3.90751 -6.62583 -4.14167
3.8575 -6.61749 -4.125
3.80751 -6.62583 -4.10834
3.75751 -6.64249 -4.1
3.70751 -6.66749 -4.075
3.65751 -6.64249 -4.075
3.60751 -6.64249 -4.05
3.55751 -6.62583 -4.04167
3.50751 -6.61749 -4.025
3.45751 -6.62583 -4.00834
3.40751 -6.64249 -4
3.35751 -6.64249 -3.975
3.30751 -6.61749 -3.975
3.25751 -6.60916 -3.95833
3.20751 -6.60916 -3.94167
3.15751 -6.62583 -3.94167
3.10751 -6.64249 -3.95
3.00751 -6.64249 -3.95
2.95751 -6.64249 -3.925
2.80751 -6.64249 -3.925
2.75751 -6.64249 -3.9
2.70751 -6.65916 -3.89167
2.65751 -6.66749 -3.875
2.50751 -6.66749 -3.875
2.40751 -6.66749 -3.825
2.35751 -6.65916 -3.80834
2.30751 -6.64249 -3.8
2.25751 -6.65916 -3.79167
2.20751 -6.64249 -3.775
2.15751 -6.61749 -3.775
2.10751 -6.60916 -3.75833
2.05751 -6.59249 -3.75
1.95751 -6.59249 -3.75
1.85751 -6.64249 -3.75
1.60751 -6.64249 -3.75
1.55751 -6.62583 -3.74167
1.50751 -6.60916 -3.74167
1.45751 -6.59249 -3.75
1.40751 -6.59249 -3.75
1.35751 -6.61749 -3.775
1.30751 -6.61749 -3.775
1.25751 -6.59249 -3.775
1.10751 -6.59249 -3.775
1.05751 -6.61749 -3.775
0.857508 -6.61749 -3.775
0.807508 -6.64249 -3.75
0.757508 -6.65916 -3.74167
0.707508 -6.64249 -3.725
0.657508 -6.66749 -3.725
0.607508 -6.66749 -3.725
0.557505 -6.69249 -3.725
0.507505 -6.70916 -3.70833
0.457505 -6.71749 -3.725
0.407505 -6.74249 -3.7
0.307505 -6.79249 -3.7
0.257505 -6.80916 -3.69167
0.207505 -6.81749 -3.675
0.107505 -6.81749 -3.675
0.057505 -6.84249 -3.675
0.00750502 -6.84249 -3.65
-0.042495 -6.85916 -3.65833
-0.092495 -6.87583 -3.65833
-0.142495 -6.89249 -3.65
-0.242494 -6.94249 -3.65
-0.292494 -6.95916 -3.65833
-0.342494 -6.96749 -3.675
-0.392494 -6.99249 -3.65
-0.542494 -6.99249 -3.65
-0.592494 -7.01749 -3.675
-0.642494 -7.02583 -3.69167
-0.692494 -7.04249 -3.7
-0.742494 -7.05916 -3.69167
-0.792494 -7.07582 -3.69167
-0.842494 -7.09249 -3.675
-0.892494 -7.09249 -3.675
-0.942494 -7.09249 -3.65
-0.992494 -7.09249 -3.65
-1.09249 -7.14249 -3.65
-1.14249 -7.15916 -3.64167
-1.19249 -7.17583 -3.64167
-1.29249 -7.20916 -3.65833
-1.34249 -7.27583 -3.69167
-1.44249 -7.30916 -3.70833
-1.49249 -7.37583 -3.74167
-1.59249 -7.40916 -3.75833
-1.64249 -7.47582 -3.79167
-1.74249 -7.50916 -3.80834
-1.79249 -7.57582 -3.84167
-1.84249 -7.59249 -3.85
-1.94249 -7.59249 -3.85
-1.99249 -7.61749 -3.875
-2.04249 -7.61749 -3.875
-2.14249 -7.61749 -3.925
-2.19249 -7.66749 -3.925
-2.24249 -7.65916 -3.94167
-2.29249 -7.67582 -3.99167
-2.34249 -7.69249 -4
-2.39249 -7.72582 -4.04167
-2.44249 -7.72582 -4.05833
-2.49249 -7.75916 -4.09167
-2.54249 -7.74249 -4.1
-2.59249 -7.75916 -4.10834
-2.64249 -7.82582 -4.14167
-2.69249 -7.84249 -4.15
-2.74249 -7.87582 -4.19167
-2.84249 -7.90916 -4.20833
-2.89249 -7.97582 -4.24167
-2.99249 -8.00916 -4.25834
-3.04249 -8.02583 -4.29167
-3.14249 -8.05916 -4.30833
-3.19249 -8.07582 -4.34167
-3.24249 -8.10916 -4.35834
-3.29249 -8.12582 -4.39167
-3.34249 -8.15916 -4.40834
-3.39249 -8.15916 -4.44167
-3.44249 -8.15916 -4.45834
-3.49249 -8.17583 -4.49167
-3.55499 -8.20499 -4.5
-3.59249 -8.21749 -4.55
-3.64249 -8.26749 -4.6
-3.69249 -8.27583 -4.64167
-3.74249 -8.32583 -4.69167
-3.79249 -8.34249 -4.7375
-3.84249 -8.36749 -4.775
-3.89249 -8.36749 -4.825
-3.94249 -8.37583 -4.89167
-3.99249 -8.39249 -4.9375
-4.04249 -8.40916 -4.99167
-4.14249 -8.40916 -5.09167
-4.19249 -8.40916 -5.10834
-4.24249 -8.37583 -5.14167
-4.29249 -8.41749 -5.175
-4.34249 -8.41749 -5.225
-4.39249 -8.44249 -5.275
-4.44249 -8.44249 -5.325
-4.49249 -8.49249 -5.375
-4.56749 -8.54249 -5.425
-4.66749 -8.64249 -5.625
-4.69249 -8.64249 -5.675
-4.70916 -8.65916 -5.725
-4.74249 -8.66749 -5.775
-4.76749 -8.69249 -5.825
-4.79249 -8.69249 -5.875
-4.79249 -8.71749 -5.925
-4.81749 -8.74249 -5.975
-4.84249 -8.74249 -6.025
-4.84249 -8.74249 -6.125
-4.89249 -8.74249 -6.225
-4.89249 -8.74249 -6.375
-4.91749 -8.74249 -6.425
-4.94249 -8.71749 -6.475
-4.94249 -8.71749 -6.525
-4.92583 -8.70916 -6.575
-4.94249 -8.69249 -6.625
-4.94249 -8.66749 -6.675
-4.92583 -8.65916 -6.725
-4.92374 -8.62374 -6.83125
-4.94249 -8.59249 -6.925
-4.94249 -8.59249 -7.075
-4.97583 -8.57583 -7.125
-4.99249 -8.56749 -7.175
-4.99249 -8.56749 -7.275
-4.99249 -8.54249 -7.325
-4.99249 -8.54249 -7.575
-4.94249 -8.54249 -7.675
-4.97583 -8.55916 -7.725
-4.97583 -8.55916 -7.775
-4.99249 -8.61749 -7.825
-4.99249 -8.66749 -7.875
-4.99249 -8.72583 -7.90833
-4.99249 -8.77583 -7.95833
-4.96749 -8.84249 -8
-4.94249 -8.89249 -8.05
-4.94249 -8.89249 -8.025
-4.99249 -8.89249 -8.025
-5.04249 -8.84249 -8.075
-5.19249 -8.84249 -8.075
-5.24249 -8.79249 -8.125
-5.26749 -8.84249 -8.175
-5.27583 -8.87583 -8.225
-5.31749 -8.91749 -8.275
-5.37999 -8.95499 -8.3125
-5.41749 -8.96749 -8.375
-5.47999 -9.00499 -8.4125
-5.51749 -9.01749 -8.475
-5.56749 -9.01749 -8.525
-5.62583 -9.04249 -8.55834
-5.62583 -9.05916 -8.625
-5.67583 -9.05916 -8.675
-5.70916 -9.07583 -8.725
-5.72999 -9.09249 -8.77501
-5.77583 -9.10916 -8.825
-5.87583 -9.20916 -8.925
-5.91749 -9.26749 -8.9625
-5.97583 -9.30916 -9.02501
-6.04249 -9.36749 -9.075
-6.09249 -9.41749 -9.075
-6.14249 -9.47583 -9.09167
-6.17999 -9.51749 -9.1
-6.23249 -9.57249 -9.145
-6.25916 -9.64249 -9.15834
-6.31749 -9.69249 -9.175
-6.46749 -9.84249 -9.175
-6.54249 -9.99249 -9.175
-6.54249 -10.0425 -9.175
-6.66749 -10.2925 -9.175
-6.71749 -10.3425 -9.175
-6.79249 -10.4925 -9.175
-6.79249 -10.5425 -9.175
-6.84249 -10.6425 -9.225
-6.87583 -10.6925 -9.24167
-6.89249 -10.7425 -9.25
-6.92583 -10.7925 -9.29167
-6.94249 -10.8425 -9.3
-6.97583 -10.8925 -9.34167
-6.99249 -10.9425 -9.35
-6.99249 -10.9925 -9.375
-7.01749 -11.0425 -9.4
-7.04249 -11.0925 -9.45
-7.04249 -11.1425 -9.45
-7.04249 -11.1925 -9.5
-7.06749 -11.2425 -9.55
-7.06749 -11.2925 -9.6
-7.11749 -11.3425 -9.65
-7.11749 -11.3925 -9.725
-7.11749 -11.4425 -9.775
-7.14249 -11.4675 -9.825
-7.15916 -11.5258 -9.875
-7.17583 -11.5592 -9.925
-7.19249 -11.5675 -9.975
-7.20916 -11.6092 -10.025
-7.22583 -11.6092 -10.075
-7.22583 -11.6592 -10.125
-7.22583 -11.6758 -10.175
-7.22583 -11.7092 -10.225
-7.24249 -11.7175 -10.275
-7.21749 -11.7425 -10.325
-7.24249 -11.7675 -10.375
-7.25499 -11.83 -10.4125
-7.26749 -11.8675 -10.475
-7.25916 -11.9425 -10.4917
-7.24249 -11.9925 -10.55
-7.24249 -12.0425 -10.6
-7.24249 -12.0925 -10.675
-7.24249 -12.1925 -10.775
-7.21749 -12.2425 -10.825
-7.21749 -12.3425 -10.925
-7.19249 -12.3925 -10.975
-7.19249 -12.4425 -11.025
-7.17583 -12.4592 -11.075
-7.16749 -12.4925 -11.125
-7.11749 -12.5425 -11.225
-7.11749 -12.5675 -11.275
-7.09249 -12.6258 -11.3083
-7.07999 -12.68 -11.3625
-7.04249 -12.7258 -11.4083
-7.02999 -12.78 -11.4625
-7.01749 -12.8175 -11.525
-6.99249 -12.8675 -11.575
-6.97583 -12.8758 -11.625
-6.94249 -12.9175 -11.675
-6.92583 -12.9592 -11.725
-6.92583 -12.9758 -11.775
-6.89249 -13.0175 -11.825
-6.87583 -13.0258 -11.875
-6.81749 -13.0675 -11.925
-6.81749 -13.0925 -11.975
-6.76749 -13.0925 -12.025
-6.74249 -13.0925 -12.075
-6.69249 -13.0925 -12.175
-6.69249 -13.0925 -12.225
-6.62583 -13.1258 -12.325
-6.56749 -13.1425 -12.375
-6.56749 -13.1425 -12.425
-6.06749 -13.1425 -12.925
-6.00916 -13.1592 -12.975
-5.95916 -13.1592 -13.025
-5.89249 -13.2425 -13.075
-5.89249 -13.2925 -13.1
-5.89249 -13.3425 -13.15
-5.89249 -13.4425 -13.15
-5.89249 -13.5425 -13.2
-5.89249 -13.6925 -13.2
-5.87583 -13.7425 -13.2083
-5.86749 -13.7925 -13.225
-5.86749 -13.8925 -13.275
-5.87583 -13.9425 -13.2917
-5.87583 -13.9925 -13.3083
-5.86749 -14.0425 -13.325
-5.86749 -14.0925 -13.325
-5.84249 -14.1425 -13.325
-5.84249 -14.1925 -13.35
-5.84249 -14.2425 -13.35
-5.84249 -14.2925 -13.4
-5.85916 -14.3425 -13.4083
-5.84249 -14.3925 -13.425
-5.84249 -14.4425 -13.45
-5.84249 -14.5425 -13.45
-5.82583 -14.5925 -13.4583
-5.81749 -14.6425 -13.475
-5.79249 -14.6925 -13.475
-5.79249 -14.7425 -13.5
-5.79249 -14.7925 -13.5
-5.77583 -14.8425 -13.5417
-5.79249 -14.8925 -13.55
-5.77583 -14.9425 -13.5583
-5.76749 -14.9925 -13.575
-5.74249 -15.0425 -13.6
-5.74249 -15.0925 -13.6
-5.72583 -15.1425 -13.6083
-5.72583 -15.1925 -13.6417
-5.74249 -15.2425 -13.65
-5.72583 -15.2925 -13.6583
-5.71749 -15.3425 -13.675
-5.71749 -15.3925 -13.675
-5.70916 -15.4425 -13.6917
-5.70916 -15.4925 -13.7083
-5.71749 -15.5425 -13.725
-5.71749 -15.6425 -13.725
-5.69249 -15.6925 -13.7
-5.67583 -15.7425 -13.7083
-5.66749 -15.7925 -13.725
-5.66749 -15.8925 -13.725
-5.65916 -15.9425 -13.7417
-5.64249 -15.9925 -13.75
-5.64249 -16.0925 -13.75
-5.59249 -16.1925 -13.75
-5.59249 -16.2425 -13.75
-5.57583 -16.2925 -13.7583
-5.56749 -16.3425 -13.775
-5.56749 -16.3925 -13.775
-5.55916 -16.4425 -13.7583
-5.52583 -16.4925 -13.7583
-5.51749 -16.5425 -13.775
-5.50916 -16.5925 -13.7583
-5.47583 -16.6425 -13.7583
-5.46749 -16.6925 -13.775
-5.45916 -16.7425 -13.7583
-5.41749 -16.7925 -13.775
-5.41749 -16.8425 -13.775
-5.40916 -16.8925 -13.7917
-5.37583 -16.9425 -13.7583
-5.35916 -17.0425 -13.7917
-5.31749 -17.0925 -13.775
-5.30916 -17.1425 -13.7917
-5.27583 -17.1925 -13.7583
-5.25916 -17.2425 -13.7917
-5.22583 -17.2925 -13.7583
-5.20916 -17.3925 -13.7917
-5.19249 -17.4425 -13.8
-5.11749 -17.5925 -13.8
-5.11749 -17.6425 -13.825
-5.10916 -17.6925 -13.8083
-5.06749 -17.7425 -13.825
-5.06749 -17.8425 -13.875
-5.02583 -17.8925 -13.8583
-5.01749 -17.9425 -13.9
-5.01749 -17.9925 -13.925
-5.00916 -18.0425 -13.9083
-4.97583 -18.0925 -13.9417
-4.97583 -18.1425 -13.9583
-4.95916 -18.1925 -13.9917
-4.92583 -18.2925 -14.0083
-4.90916 -18.3425 -14.0417
-4.87583 -18.4425 -14.0583
-4.85916 -18.4925 -14.0583
-4.82583 -18.5425 -14.0583
-4.80916 -18.5925 -14.0917
-4.79249 -18.6425 -14.1
-4.76749 -18.6925 -14.1
-4.72583 -18.7425 -14.1083
-4.70916 -18.7925 -14.1417
-4.66749 -18.8425 -14.125
-4.65916 -18.8925 -14.1417
-4.57583 -18.9925 -14.1583
-4.56749 -19.0425 -14.175
-4.51749 -19.0925 -14.175
-4.45916 -19.1425 -14.1917
-4.37583 -19.2425 -14.2083
-4.36749 -19.2925 -14.225
-4.30916 -19.3425 -14.2417
-4.26749 -19.3925 -14.225
-4.20916 -19.4425 -14.2417
-4.17582 -19.4925 -14.2417
-4.15916 -19.5425 -14.2417
-4.05916 -19.6425 -14.2417
-4.01749 -19.6925 -14.225
-3.89249 -19.7675 -14.225
-3.84249 -19.8175 -14.25
-3.79249 -19.8592 -14.2583
-3.74249 -19.8675 -14.275
-3.69249 -19.9175 -14.275
-3.64249 -19.9425 -14.275
-3.54249 -19.9925 -14.325
-3.44249 -20.0425 -14.325
-3.34249 -20.0925 -14.375
-3.29249 -20.0925 -14.375
-3.14249 -20.1675 -14.375
-3.10916 -20.2425 -14.3583
-3.06749 -20.2925 -14.375
-3.05916 -20.3425 -14.3583
-3.04249 -20.3925 -14.35
-2.96749 -20.5425 -14.35
-2.92583 -20.5925 -14.3583
-2.90916 -20.6425 -14.3583
-2.87583 -20.6925 -14.3583
-2.85916 -20.7425 -14.3583
-2.81749 -20.7925 -14.35
-2.71749 -20.8925 -14.35
-2.67583 -20.9425 -14.3417
-2.64249 -20.9925 -14.3375
-2.59249 -21.0425 -14.3375
-2.49249 -21.0925 -14.325
-2.44249 -21.1425 -14.3
-2.39249 -21.1758 -14.2917
-2.34249 -21.2175 -14.3
-2.24249 -21.3175 -14.3
-2.19249 -21.3675 -14.325
-2.14249 -21.3758 -14.3417
-2.09249 -21.4425 -14.35
-2.04249 -21.4758 -14.3583
-1.99249 -21.5175 -14.375
-1.94249 -21.5258 -14.3917
-1.89249 -21.5758 -14.4083
-1.84249 -21.6175 -14.425
-1.79249 -21.6258 -14.4417
-1.74249 -21.6592 -14.4583
-1.69249 -21.6758 -14.4583
-1.59249 -21.7092 -14.4917
-1.54249 -21.7175 -14.475
-1.49249 -21.7175 -14.475
-1.44249 -21.7425 -14.475
-1.39249 -21.7592 -14.4917
-1.34249 -21.7675 -14.475
-1.29249 -21.7758 -14.4917
-1.24249 -21.8092 -14.5083
-1.19249 -21.8175 -14.525
-1.14249 -21.8258 -14.5083
-1.09249 -21.8425 -14.525
-1.04249 -21.8425 -14.525
-0.992494 -21.8675 -14.525
-0.942494 -21.8758 -14.5417
-0.842494 -21.9092 -14.5583
-0.792494 -21.9258 -14.5583
-0.742494 -21.9425 -14.55
-0.642494 -21.9425 -14.6
-0.592494 -21.9592 -14.5917
-0.542494 -21.9758 -14.5917
-0.492494 -21.9925 -14.6
-0.392494 -21.9925 -14.65
-0.292494 -22.0425 -14.65
-0.242494 -22.0258 -14.6417
-0.192495 -22.0258 -14.6417
-0.142495 -22.0425 -14.65
0.057505 -22.0425 -14.65
0.107505 -22.0425 -14.675
0.157505 -22.0258 -14.6917
0.207505 -22.0425 -14.7
0.257505 -22.0425 -14.7
0.307505 -22.0258 -14.7083
0.357505 -22.0175 -14.75
0.407505 -22.0175 -14.775
0.457505 -22.0092 -14.7917
0.507505 -21.9925 -14.8
0.557505 -21.9925 -14.8
0.607508 -22.0092 -14.7917
0.657508 -22.0175 -14.775
0.757508 -22.0175 -14.775
0.807508 -22.0258 -14.7917
0.857508 -22.0675 -14.775
0.957508 -22.0675 -14.775
1.05751 -22.0675 -14.825
1.45751 -22.0675 -14.825
1.55751 -22.0175 -14.825
1.85751 -22.0175 -14.825
1.90751 -22.0258 -14.8417
1.95751 -22.0425 -14.85
2.05751 -21.9925 -14.85
2.10751 -21.9925 -14.85
2.15751 -21.9925 -14.875
2.20751 -21.9675 -14.875
2.25751 -21.9925 -14.875
2.30751 -21.9925 -14.9
2.35751 -21.9925 -14.9
2.40751 -21.9758 -14.8917
2.45751 -21.9592 -14.8917
2.50751 -21.9425 -14.9
2.55751 -21.9258 -14.8917
2.60751 -21.9092 -14.8917
2.70751 -21.8758 -14.9083
2.75751 -21.8675 -14.925
2.85751 -21.8675 -14.925
2.90751 -21.8592 -14.9417
2.95751 -21.8258 -14.9583
3.00751 -21.8092 -14.9583
3.05751 -21.7758 -14.9583
3.10751 -21.7675 -14.975
3.15751 -21.7675 -14.975
3.20751 -21.7592 -14.9917
3.30751 -21.7258 -15.0083
3.35751 -21.7175 -15.025
3.40751 -21.7092 -15.0083
3.45751 -21.6675 -15.025
3.50751 -21.6592 -15.0417
3.55751 -21.6258 -15.0583
3.60751 -21.6175 -15.075
3.65751 -21.605 -15.075
3.70751 -21.5925 -15.1
3.75751 -21.5758 -15.1083
3.80751 -21.5592 -15.1417
3.8575 -21.5175 -15.15
3.90751 -21.4675 -15.15
3.95751 -21.4675 -15.175
4.0075 -21.4592 -15.1583
4.05751 -21.4175 -15.175
4.10751 -21.3675 -15.175
4.15751 -21.3592 -15.1917
4.35751 -21.2258 -15.2583
4.40751 -21.2175 -15.275
4.45751 -21.1675 -15.3
4.50751 -21.1675 -15.325
4.55751 -21.1175 -15.325
4.60751 -21.0925 -15.35
4.65751 -21.0925 -15.35
4.70751 -21.0675 -15.35
4.75751 -21.0675 -15.375
4.80751 -21.0425 -15.35
4.85751 -21.0425 -15.35
4.90751 -21.0258 -15.3583
4.95751 -20.9925 -15.375
5.00751 -20.9925 -15.375
5.05751 -20.9592 -15.3917
5.10751 -20.9425 -15.4
5.15751 -20.9258 -15.3917
5.20751 -20.9258 -15.4083
5.25751 -20.8758 -15.4083
5.30751 -20.8592 -15.4083
5.35751 -20.8175 -15.4
5.40751 -20.7675 -15.425
5.45751 -20.7675 -15.425
5.50751 -20.7258 -15.4083
5.55751 -20.6675 -15.425
5.60751 -20.6675 -15.425
5.70751 -20.5675 -15.425
5.75751 -20.5592 -15.4417
5.85751 -20.4758 -15.4583
5.90751 -20.4675 -15.475
5.95751 -20.4092 -15.4917
6.05751 -20.3258 -15.5083
6.10751 -20.2592 -15.5417
6.15751 -20.2258 -15.5583
6.20751 -20.1592 -15.5917
6.25751 -20.1175 -15.6
6.30751 -20.0675 -15.6
6.38251 -19.9425 -15.625
6.48251 -19.8425 -15.675
6.49084 -19.7925 -15.6917
6.53251 -19.7425 -15.725
6.63251 -19.6425 -15.775
6.63251 -19.5925 -15.775
6.68251 -19.5425 -15.8
6.72417 -19.4925 -15.8083
6.73251 -19.4425 -15.825
6.78251 -19.3425 -15.825
6.79084 -19.2925 -15.8417
6.83251 -19.2425 -15.85
6.85751 -19.1925 -15.85
6.85751 -19.1425 -15.875
6.87417 -19.0925 -15.8917
6.89084 -19.0425 -15.8917
6.92417 -18.9925 -15.9083
6.93251 -18.9425 -15.925
6.94084 -18.8925 -15.9083
6.95751 -18.8425 -15.925
6.95751 -18.7925 -15.925
6.97417 -18.7425 -15.9417
6.99084 -18.6925 -15.9417
7.00751 -18.6425 -15.95
7.00751 -18.5925 -15.95
7.00751 -18.5425 -16
7.00751 -18.4925 -16
7.02417 -18.4425 -16.0083
7.03251 -18.3925 -16.025
7.10751 -18.3425 -16.025
7.20751 -18.2425 -16.025
7.25751 -18.2175 -16.025
7.30751 -18.1925 -16
7.35751 -18.1758 -16.0083
7.40751 -18.1425 -16
7.45751 -18.1175 -16
7.70751 -17.8675 -16
7.74084 -17.8092 -15.975
7.79084 -17.7592 -15.975
7.83251 -17.6925 -15.975
7.83251 -17.6425 -15.975
7.93251 -17.5425 -15.975
7.94084 -17.4925 -15.9583
7.98251 -17.4425 -15.95
8.00751 -17.3925 -15.95
8.02417 -17.3425 -15.9417
8.04084 -17.2925 -15.9083
8.0575 -17.2425 -15.9
8.07417 -17.1925 -15.9083
8.08251 -17.1425 -15.925
8.09084 -17.0925 -15.9083
8.10751 -17.0425 -15.9
8.10751 -16.8925 -15.9
8.12417 -16.8425 -15.8917
8.14084 -16.7925 -15.8917
8.15751 -16.7425 -15.9
8.15751 -16.4925 -15.9
8.17417 -16.4425 -15.8917
8.1825 -16.3925 -15.875
8.1825 -16.1925 -15.875
8.19084 -16.1425 -15.8583
8.2075 -16.0925 -15.85
8.2075 -15.9425 -15.85
8.2075 -15.8925 -15.9
8.22417 -15.8425 -15.9083
8.2325 -15.7925 -15.925
8.2325 -15.5925 -15.925
8.24084 -15.5425 -15.9083
8.25751 -15.4925 -15.9
8.25751 -15.0925 -15.9
8.24084 -15.0425 -15.9083
8.2325 -14.9925 -15.925
8.2325 -14.6425 -15.925
8.2075 -14.5925 -15.925
8.2075 -14.4925 -15.925
8.2075 -14.4425 -15.9
8.2075 -14.2925 -15.9
8.19084 -14.2425 -15.8917
8.1825 -14.1925 -15.875
8.1825 -14.0925 -15.925
8.15751 -14.0425 -15.9
8.15751 -13.9925 -15.9
8.15751 -13.9425 -15.875
8.14084 -13.8925 -15.8583
8.12417 -13.8425 -15.8583
8.10751 -13.7925 -15.85
8.10751 -13.7425 -15.85
8.10751 -13.6925 -15.825
8.09084 -13.6425 -15.8083
8.08251 -13.5925 -15.825
8.07417 -13.5425 -15.8083
8.0575 -13.4925 -15.775
8.0575 -13.4425 -15.775
8.0575 -13.3425 -15.725
8.0575 -13.2925 -15.725
8.0575 -13.1925 -15.675
8.0575 -13.0925 -15.675
8.0575 -12.9925 -15.625
8.0575 -12.9425 -15.625
8.0575 -12.8925 -15.6
8.04084 -12.8425 -15.6083
8.02417 -12.7925 -15.6083
8.00751 -12.7425 -15.575
8.00751 -12.6925 -15.55
8.00751 -12.6425 -15.55
7.99084 -12.5925 -15.5417
7.98251 -12.5425 -15.525
7.95751 -12.4925 -15.5
7.94084 -12.4425 -15.4917
7.90751 -12.3425 -15.425
7.88251 -12.2925 -15.425
7.87417 -12.2425 -15.4083
7.85751 -12.1925 -15.375
7.85751 -12.1092 -15.3583
7.90751 -12.0758 -15.3417
7.95751 -12.0175 -15.325
8.00751 -11.9675 -15.3
8.07001 -11.905 -15.2625
8.14501 -11.88 -15.2125
8.245 -11.78 -15.1125
8.28251 -11.7175 -15.075
8.32417 -11.6592 -15.025
8.37417 -11.6258 -14.975
8.37417 -11.6092 -14.925
8.42417 -11.5925 -14.8583
8.47001 -11.555 -14.8125
8.52001 -11.505 -14.7625
8.57751 -11.4625 -14.715
8.62001 -11.43 -14.65
8.67001 -11.405 -14.6125
8.70751 -11.3675 -14.55
8.77417 -11.3425 -14.5083
8.82001 -11.305 -14.4625
8.85751 -11.2675 -14.4
8.93251 -11.23 -14.3625
8.97417 -11.2092 -14.325
9.04084 -11.1758 -14.275
9.09084 -11.1258 -14.225
9.12418 -11.1092 -14.175
9.13251 -11.0925 -14.125
9.19084 -11.0758 -14.075
9.22418 -11.0592 -14.025
9.24084 -11.0258 -13.975
9.29084 -10.9758 -13.925
9.33251 -10.9425 -13.875
9.43251 -10.7425 -13.675
9.43251 -10.6925 -13.625
9.45751 -10.6425 -13.575
9.45751 -10.5925 -13.525
9.48251 -10.5425 -13.475
9.48251 -10.4425 -13.375
9.49084 -10.3758 -13.325
9.49084 -10.3592 -13.275
9.49084 -10.3258 -13.225
9.52417 -10.3092 -13.175
9.53251 -10.2675 -13.125
9.53251 -10.2425 -13.075
9.58251 -10.2175 -13.025
9.58251 -10.1925 -12.975
9.58251 -10.1925 -12.925
9.62417 -10.1758 -12.875
9.62417 -10.1592 -12.825
9.63251 -10.1425 -12.775
9.64084 -10.0758 -12.725
9.64084 -10.0592 -12.675
9.64084 -10.0258 -12.625
9.65751 -9.99249 -12.575
9.65751 -9.89249 -12.475
9.68251 -9.84249 -12.425
9.67417 -9.77583 -12.375
9.64501 -9.74249 -12.325
9.64501 -9.69249 -12.275
9.64084 -9.65916 -12.225
9.63251 -9.61749 -12.175
9.64084 -9.57583 -12.125
9.63251 -9.56749 -12.075
9.62001 -9.52999 -12.0125
9.59501 -9.47999 -11.9625
9.58251 -9.44249 -11.9
9.57001 -9.37999 -11.8625
9.54501 -9.32999 -11.8125
9.53251 -9.29249 -11.75
9.52417 -9.24249 -11.7083
9.48251 -9.19249 -11.675
9.45751 -9.11749 -11.625
9.47417 -9.07583 -11.575
9.45751 -9.06749 -11.525
9.47417 -9.02583 -11.475
9.44084 -9.00916 -11.375
9.43251 -8.99249 -11.325
9.43251 -8.96749 -11.275
9.38251 -8.94249 -11.225
9.38251 -8.91749 -11.175
9.37417 -8.87583 -11.125
9.34501 -8.85499 -11.0625
9.30751 -8.81749 -11
9.23251 -8.79249 -10.95
9.19084 -8.74249 -10.9083
9.19084 -8.69249 -10.8917
9.13251 -8.64249 -10.85
9.08251 -8.59249 -10.8
9.00751 -8.54249 -10.7625
8.99084 -8.49249 -10.7417
8.90751 -8.44249 -10.7125
8.89084 -8.39249 -10.6917
8.82417 -8.34249 -10.6583
8.79084 -8.29249 -10.6417
8.72417 -8.24249 -10.6083
8.69084 -8.19249 -10.5917
8.62418 -8.14249 -10.5583
8.59084 -8.09249 -10.5417
8.52417 -8.04249 -10.5083
8.49501 -7.97999 -10.4875
8.44084 -7.92582 -10.475
8.38751 -7.88249 -10.445
8.34501 -7.81749 -10.4125
8.29084 -7.79249 -10.3917
8.2325 -7.74249 -10.375
8.19084 -7.67582 -10.35
8.15751 -7.60916 -10.3083
8.08251 -7.59249 -10.3
8.0575 -7.54249 -10.275
8.03251 -7.49249 -10.275
7.93251 -7.39249 -10.275
7.89084 -7.32582 -10.275
7.76584 -7.20083 -10.275
7.75751 -7.16749 -10.225
7.75751 -7.16749 -9.775
7.74084 -7.17583 -9.725
7.73251 -7.19249 -9.675
7.73251 -7.19249 -9.625
7.72417 -7.20916 -9.575
7.72417 -7.20916 -9.525
7.73251 -7.19249 -9.475
7.77417 -7.22583 -9.425
7.78251 -7.24249 -9.375
7.80751 -7.24249 -9.325
7.80751 -7.24249 -9.275
7.80751 -7.26749 -9.225
7.83251 -7.29249 -9.175
7.83251 -7.29249 -9.125
7.88251 -7.29249 -9.02501
7.88251 -7.29249 -8.975
7.90751 -7.29249 -8.925
7.89084 -7.30916 -8.875
7.90751 -7.31749 -8.825
7.90751 -7.34249 -8.77501
7.89084 -7.35916 -8.725
7.92417 -7.37583 -8.675
7.94084 -7.37583 -8.625
7.95751 -7.39249 -8.575
7.93251 -7.39249 -8.525
7.93251 -7.39249 -8.475
7.94084 -7.40916 -8.425
7.95751 -7.41749 -8.375
7.93251 -7.41749 -8.325
7.93251 -7.39249 -8.275
7.95751 -7.41749 -8.225
7.95751 -7.41749 -8.125
7.95751 -7.39249 -8.075
7.95751 -7.39249 -8.025
7.95751 -7.36749 -7.975
7.94084 -7.35916 -7.925
7.95751 -7.34249 -7.875
7.98251 -7.34249 -7.825
7.98251 -7.34249 -7.775
7.97417 -7.32582 -7.725
7.95751 -7.31749 -7.675
7.95751 -7.31749 -7.625
7.95751 -7.26749 -7.575
7.95751 -7.26749 -7.525
7.94084 -7.25916 -7.475
7.92417 -7.25916 -7.425
7.92417 -7.22583 -7.375
7.89084 -7.20916 -7.275
7.87417 -7.17583 -7.175
7.84084 -7.15916 -7.125
7.82417 -7.12583 -7.025
7.79084 -7.10916 -6.975
7.77417 -7.07582 -6.925
7.69084 -7.05916 -6.825
7.64084 -7.00916 -6.775
7.63251 -6.96749 -6.725
7.59501 -6.94249 -6.675
7.54084 -6.90916 -6.625
7.50751 -6.86749 -6.575
7.45751 -6.82582 -6.49167
7.40751 -6.81749 -6.45
7.35751 -6.76749 -6.425
7.30751 -6.76749 -6.375
7.22417 -6.72583 -6.325
7.14084 -6.70916 -6.225
7.04084 -6.70916 -6.125
7.00751 -6.66749 -6.075
6.90751 -6.66749 -5.975
6.85751 -6.65916 -5.89167
6.80751 -6.61749 -5.85
6.75751 -6.61749 -5.8
6.70751 -6.56749 -5.75
6.65751 -6.55916 -5.70833
6.60751 -6.54249 -5.7
6.55751 -6.52583 -5.65833
6.50751 -6.50916 -5.60833
6.45751 -6.50916 -5.59167
6.39084 -6.49249 -5.55833
6.34501 -6.50499 -5.5125
6.28251 -6.51749 -5.475
6.24501 -6.50499 -5.4125
6.19501 -6.50499 -5.3625
6.15751 -6.49249 -5.3
6.10751 -6.49249 -5.25
6.05751 -6.46749 -5.2
6.00751 -6.45916 -5.14167
5.95751 -6.44249 -5.1
5.90751 -6.44249 -5.1
5.85751 -6.41749 -5.05
5.80751 -6.40916 -4.99167
5.75751 -6.39249 -4.95
5.70751 -6.39249 -4.95
5.65751 -6.39249 -4.9
5.60751 -6.36749 -4.85
5.55751 -6.36749 -4.825
5.50751 -6.35916 -4.79167
5.45751 -6.34249 -4.775
5.40751 -6.35916 -4.74167
5.30751 -6.32583 -4.70834
5.25751 -6.32583 -4.69167
5.20751 -6.30916 -4.64167
5.15751 -6.29249 -4.625
5.10751 -6.29249 -4.6
5.05751 -6.29249 -4.6
5.00751 -6.26749 -4.575
4.95751 -6.25916 -4.54167
4.90751 -6.24249 -4.525
4.85751 -6.26749 -4.525
4.80751 -6.25916 -4.49167
4.75751 -6.24249 -4.475
4.70751 -6.24249 -4.475
4.65751 -6.26749 -4.45
4.60751 -6.24249 -4.4
4.55751 -6.24249 -4.35
4.50751 -6.24249 -4.35
4.40751 -6.24249 -4.25
4.35751 -6.24249 -4.25
4.30751 -6.25916 -4.20833
4.25751 -6.27583 -4.20833
4.20751 -6.31749 -4.175
4.15751 -6.30916 -4.14167
4.10751 -6.29249 -4.125
4.05751 -6.30916 -4.10834
4.0075 -6.32583 -4.10834
3.95751 -6.34249 -4.1
3.8575 -6.34249 -4.05
3.80751 -6.34249 -4.05
3.70751 -6.34249 -4
3.65751 -6.35916 -3.99167
3.60751 -6.34249 -3.975
3.55751 -6.34249 -3.95
3.50751 -6.34249 -3.95
3.45751 -6.34249 -3.925
3.35751 -6.34249 -3.925
3.30751 -6.31749 -3.9
3.25751 -6.31749 -3.875
3.15751 -6.31749 -3.875
3.10751 -6.34249 -3.875
2.95751 -6.34249 -3.875
2.90751 -6.34249 -3.85
2.85751 -6.35916 -3.84167
2.80751 -6.36749 -3.825
2.75751 -6.34249 -3.825
2.70751 -6.35916 -3.80834
2.65751 -6.37583 -3.80834
2.60751 -6.39249 -3.8
2.55751 -6.39249 -3.775
2.50751 -6.39249 -3.775
2.45751 -6.39249 -3.75
2.40751 -6.37583 -3.74167
2.35751 -6.36749 -3.725
2.30751 -6.34249 -3.725
2.25751 -6.34249 -3.725
2.20751 -6.34249 -3.7
2.15751 -6.32583 -3.69167
2.10751 -6.31749 -3.675
2.05751 -6.29249 -3.675
1.95751 -6.29249 -3.675
1.90751 -6.31749 -3.675
1.85751 -6.31749 -3.675
1.80751 -6.34249 -3.675
1.60751 -6.34249 -3.675
1.55751 -6.31749 -3.675
1.50751 -6.31749 -3.675
1.45751 -6.29249 -3.675
1.40751 -6.29249 -3.675
1.35751 -6.31749 -3.675
1.30751 -6.30916 -3.69167
1.25751 -6.29249 -3.7
1.20751 -6.29249 -3.725
1.10751 -6.29249 -3.725
1.05751 -6.29249 -3.75
1.00751 -6.30916 -3.75833
0.957508 -6.32583 -3.75833
0.907508 -6.34249 -3.725
0.807508 -6.34249 -3.725
0.707508 -6.34249 -3.675
0.657508 -6.34249 -3.675
0.607508 -6.36749 -3.675
0.557505 -6.39249 -3.65
0.507505 -6.40916 -3.64167
0.457505 -6.42583 -3.64167
0.407505 -6.44249 -3.625
0.357505 -6.46749 -3.625
0.307505 -6.46749 -3.625
0.257505 -6.49249 -3.625
0.207505 -6.50916 -3.60834
0.157505 -6.54249 -3.6
0.107505 -6.54249 -3.6
0.057505 -6.54249 -3.57501
0.00750502 -6.54249 -3.57501
-0.042495 -6.56749 -3.57501
-0.092495 -6.56749 -3.57501
-0.142495 -6.59249 -3.57501
-0.192495 -6.60916 -3.55834
-0.242494 -6.61749 -3.57501
-0.292494 -6.64249 -3.57501
-0.342494 -6.65916 -3.55834
-0.392494 -6.69249 -3.57501
-0.492494 -6.69249 -3.57501
-0.542494 -6.69249 -3.55001
-0.592494 -6.71749 -3.57501
-0.642494 -6.71749 -3.57501
-0.692494 -6.76749 -3.57501
-0.742494 -6.77583 -3.59167
-0.792494 -6.79249 -3.57501
-0.842494 -6.81749 -3.57501
-0.892494 -6.81749 -3.57501
-0.942494 -6.79249 -3.55001
-0.992494 -6.80916 -3.54167
-1.04249 -6.82582 -3.54167
-1.09249 -6.84249 -3.55001
-1.14249 -6.86749 -3.52501
-1.19249 -6.87583 -3.54167
-1.24249 -6.89249 -3.55001
-1.34249 -6.94249 -3.55001
-1.39249 -6.94249 -3.55001
-1.44249 -6.95916 -3.55834
-1.49249 -7.02583 -3.59167
-1.59249 -7.05916 -3.60834
-1.64249 -7.12583 -3.64167
-1.74249 -7.15916 -3.65833
-1.79249 -7.22583 -3.69167
-1.89249 -7.25916 -3.70833
-1.94249 -7.30916 -3.74167
-1.99249 -7.30916 -3.75833
-2.04249 -7.31749 -3.775
-2.09249 -7.34249 -3.8
-2.19249 -7.34249 -3.8
-2.24249 -7.36749 -3.825
-2.29249 -7.36749 -3.85
-2.34249 -7.39249 -3.9
-2.39249 -7.40916 -3.90833
-2.44249 -7.41749 -3.95
-2.49249 -7.44249 -3.975
-2.54249 -7.45916 -3.99167
-2.59249 -7.46749 -4.025
-2.64249 -7.46749 -4.025
-2.69249 -7.49249 -4.025
-2.79249 -7.55916 -4.05833
-2.84249 -7.61749 -4.075
-2.89249 -7.62582 -4.09167
-2.99249 -7.65916 -4.10834
-3.04249 -7.71749 -4.15
-3.09249 -7.71749 -4.175
-3.14249 -7.77582 -4.19167
-3.19249 -7.79249 -4.2
-3.24249 -7.79249 -4.2
-3.29249 -7.82582 -4.24167
-3.34249 -7.84249 -4.25
-3.39249 -7.87582 -4.29167
-3.44249 -7.89249 -4.3
-3.49249 -7.89249 -4.3
-3.54249 -7.91749 -4.325
-3.59249 -7.91749 -4.35
-3.64249 -7.96749 -4.375
-3.69249 -7.96749 -4.4
-3.74249 -7.99249 -4.4375
-3.79249 -8.02583 -4.49167
-3.84249 -8.05916 -4.50834
-3.90499 -8.07999 -4.5375
-3.94249 -8.11749 -4.6
-3.99249 -8.12582 -4.64167
-4.04249 -8.15916 -4.69167
-4.09249 -8.17583 -4.74167
-4.14249 -8.17583 -4.79167
-4.19249 -8.19249 -4.8375
-4.24249 -8.20916 -4.89167
-4.29249 -8.19249 -4.9
-4.34249 -8.19249 -4.9375
-4.39249 -8.20916 -4.95834
-4.44249 -8.21749 -5
-4.50499 -8.22999 -5.0375
-4.60499 -8.27999 -5.1375
-4.66749 -8.31749 -5.175
-4.71749 -8.36749 -5.225
-4.76749 -8.36749 -5.275
-4.81749 -8.41749 -5.325
-4.85916 -8.47583 -5.375
-4.87583 -8.50916 -5.425
-4.90916 -8.52583 -5.475
-4.91749 -8.54249 -5.525
-4.95916 -8.55916 -5.575
-4.97583 -8.55916 -5.625
-5.01749 -8.59249 -5.675
-5.02583 -8.60916 -5.725
-5.06749 -8.61749 -5.775
-5.09249 -8.61749 -5.825
-5.09249 -8.64249 -5.875
-5.10916 -8.65916 -5.925
-5.12583 -8.65916 -5.975
-5.14249 -8.66749 -6.025
-5.14249 -8.69249 -6.075
-5.17583 -8.67583 -6.125
-5.19249 -8.66749 -6.175
-5.19249 -8.66749 -6.325
-5.20916 -8.65916 -6.375
-5.21749 -8.64249 -6.425
-5.24249 -8.61749 -6.475
-5.24249 -8.61749 -6.525
-5.22583 -8.60916 -6.575
-5.21749 -8.59249 -6.625
-5.24249 -8.56749 -6.675
-5.21472 -8.55916 -6.76389
-5.24249 -8.54249 -6.875
-5.24249 -8.54249 -7.025
-5.29249 -8.54249 -7.125
-5.29249 -8.54249 -7.625
-5.26749 -8.56749 -7.675
-5.29249 -8.59249 -7.725
-5.29249 -8.59249 -7.775
-5.29249 -8.64249 -7.875
-5.29249 -8.64249 -7.925
-5.27583 -8.65916 -7.975
-5.27583 -8.67583 -8.025
-5.26749 -8.74249 -8.075
-5.24249 -8.74249 -8.075
-5.39249 -8.74249 -8.075
-5.44249 -8.69249 -8.125
-5.54249 -8.69249 -8.125
-5.55916 -8.72583 -8.175
-5.57583 -8.75916 -8.275
-5.64249 -8.79249 -8.325
-5.69249 -8.81749 -8.375
-5.79249 -8.81749 -8.475
-5.82583 -8.85916 -8.525
-5.87583 -8.85916 -8.575
-5.90916 -8.87583 -8.625
-5.92999 -8.89249 -8.675
-5.97583 -8.90916 -8.725
-6.00916 -8.92583 -8.77501
-6.02583 -8.95916 -8.825
-6.05916 -8.97583 -8.875
-6.10916 -9.02583 -8.925
-6.12583 -9.05916 -8.975
-6.17583 -9.10916 -9.02501
-6.24249 -9.19249 -9.075
-6.29249 -9.24249 -9.075
-6.49249 -9.44249 -9.175
-6.51749 -9.49249 -9.175
-6.61749 -9.59249 -9.175
-6.71749 -9.69249 -9.125
-6.79249 -9.84249 -9.125
-6.80916 -9.89249 -9.14167
-6.84249 -9.94249 -9.15
-6.84249 -9.99249 -9.15
-6.86749 -10.0425 -9.175
-6.91749 -10.1425 -9.175
-6.96749 -10.1925 -9.175
-7.01749 -10.2925 -9.175
-7.04249 -10.3425 -9.2
-7.05916 -10.3925 -9.20834
-7.09249 -10.4425 -9.225
-7.11749 -10.4925 -9.25
-7.10916 -10.5425 -9.25833
-7.17583 -10.5925 -9.29167
-7.16749 -10.6425 -9.3
-7.21749 -10.6925 -9.325
-7.22583 -10.7425 -9.34167
-7.24249 -10.7925 -9.35
-7.27583 -10.8425 -9.39167
-7.27583 -10.8925 -9.40833
-7.29249 -10.9425 -9.45
-7.30916 -10.9925 -9.45833
-7.32582 -11.0425 -9.50833
-7.34249 -11.0925 -9.55
-7.34249 -11.1425 -9.625
-7.39249 -11.2425 -9.725
-7.39249 -11.2925 -9.775
-7.40916 -11.3258 -9.825
-7.42582 -11.4092 -9.925
-7.45916 -11.4258 -9.975
-7.47582 -11.4592 -10.025
-7.49249 -11.4675 -10.075
-7.49249 -11.5175 -10.125
-7.49249 -11.5175 -10.175
-7.50916 -11.5758 -10.225
-7.51749 -11.5925 -10.275
-7.51749 -11.6175 -10.325
-7.52582 -11.6592 -10.375
-7.52999 -11.6925 -10.425
-7.54249 -11.7925 -10.475
-7.54249 -11.8425 -10.525
-7.54249 -11.8925 -10.55
-7.52582 -11.9425 -10.6083
-7.52582 -11.9925 -10.6583
-7.54249 -12.0425 -10.7
-7.54249 -12.1425 -10.8
-7.52582 -12.1925 -10.8583
-7.50916 -12.2425 -10.8917
-7.49249 -12.2925 -10.95
-7.49249 -12.3425 -11
-7.49249 -12.3758 -11.0583
-7.46749 -12.4175 -11.125
-7.44249 -12.4425 -11.175
-7.44249 -12.4675 -11.225
-7.40916 -12.5092 -11.275
-7.39249 -12.5175 -11.325
-7.39249 -12.5425 -11.375
-7.36749 -12.5675 -11.425
-7.34249 -12.6175 -11.475
-7.32582 -12.6258 -11.525
-7.29249 -12.6675 -11.575
-7.29249 -12.7175 -11.625
-7.26749 -12.7675 -11.675
-7.24249 -12.8258 -11.7083
-7.21749 -12.8675 -11.775
-7.22583 -12.8758 -11.825
-7.19249 -12.9175 -11.875
-7.17583 -12.9258 -11.925
-7.15916 -12.9592 -11.975
-7.12583 -12.9758 -12.025
-7.10916 -13.0092 -12.075
-7.07582 -13.0258 -12.125
-7.01749 -13.0425 -12.175
-6.99249 -13.0425 -12.225
-6.99249 -13.0425 -12.275
-6.95916 -13.0592 -12.325
-6.94249 -13.0675 -12.375
-6.90916 -13.0592 -12.425
-6.87583 -13.0758 -12.475
-6.86749 -13.0925 -12.525
-6.82582 -13.0758 -12.575
-6.76749 -13.0925 -12.625
-6.16749 -13.0925 -13.225
-6.10916 -13.1092 -13.275
-6.06749 -13.1925 -13.325
-6.06749 -13.2425 -13.375
-6.04249 -13.2925 -13.4
-6.02583 -13.3425 -13.4083
-6.01749 -13.3925 -13.425
-6.01749 -13.4925 -13.475
-6.01749 -13.5425 -13.475
-5.99249 -13.5925 -13.475
-5.99249 -13.6425 -13.475
-5.97583 -13.6925 -13.4917
-5.99249 -13.7425 -13.5
-5.96749 -13.7925 -13.525
-5.97583 -13.8425 -13.5417
-5.99249 -13.8925 -13.55
-5.96749 -13.9425 -13.575
-5.97583 -13.9925 -13.5917
-5.97583 -14.0425 -13.6083
-5.95916 -14.1425 -13.6417
-5.95916 -14.1925 -13.6583
-5.96749 -14.2425 -13.675
-5.94249 -14.2925 -13.7
-5.95916 -14.3425 -13.7083
-5.96749 -14.3925 -13.725
-5.94249 -14.4425 -13.725
-5.94249 -14.5425 -13.725
-5.92583 -14.5925 -13.7417
-5.94249 -14.6425 -13.75
-5.92583 -14.6925 -13.7583
-5.90916 -14.7425 -13.7917
-5.90916 -14.7925 -13.8083
-5.91749 -14.8425 -13.825
-5.89249 -14.8925 -13.825
-5.87583 -14.9425 -13.8417
-5.89249 -14.9925 -13.85
-5.87583 -15.0425 -13.8583
-5.86749 -15.0925 -13.875
-5.87583 -15.1425 -13.8917
-5.89249 -15.1925 -13.9
-5.87583 -15.2425 -13.9083
-5.86749 -15.2925 -13.925
-5.86749 -15.3425 -13.925
