6.41001 -71.0669 6.63093
1.95751 -14.4925 -8.575
1.80751 -14.3425 -8.425
1.80751 -14.3425 -8.4
1.72417 -14.4092 -8.425
1.67417 -14.4592 -8.475
1.65751 -14.4675 -8.525
1.65751 -14.4925 -8.575
1.65751 -14.5592 -8.65834
1.70751 -14.6092 -8.70834
1.80195 -14.6425 -8.75834
1.89501 -14.68 -8.8125
1.95751 -14.6675 -8.825
2.05751 -14.6675 -8.825
2.10751 -14.6175 -8.825
2.15751 -14.5592 -8.80834
2.20751 -14.5425 -8.75
2.23251 -14.5175 -8.675
2.25751 -14.4925 -8.625
2.25751 -14.4425 -8.525
2.23251 -14.4175 -8.475
2.18251 -14.3925 -8.425
2.20751 -14.3925 -8.375
2.15751 -14.3675 -8.375
2.10751 -14.3592 -8.35834
2.05751 -14.3258 -8.34167
2.00751 -14.3175 -8.325
1.95751 -14.3092 -8.34167
1.90751 -14.2925 -8.35
1.85751 -14.3092 -8.35834
1.85751 -14.2925 -8.375
1.80751 -14.2425 -8.325
1.80751 -14.1925 -8.275
1.80751 -14.1925 -8.225
1.75751 -14.1425 -8.175
1.75751 -14.1425 -8.125
1.74501 -14.155 -8.1375
1.79501 -14.105 -8.1375
1.85751 -14.0925 -8.15
1.90751 -14.1092 -8.14167
1.95751 -14.1175 -8.125
2.10751 -14.1175 -8.125
2.15751 -14.1258 -8.14167
2.20751 -14.1592 -8.15833
2.30751 -14.1758 -8.19167
2.35751 -14.2092 -8.20834
2.40751 -14.2258 -8.24167
2.45751 -14.2675 -8.325
2.49084 -14.3092 -8.375
2.53251 -14.3675 -8.425
2.55751 -14.3675 -8.475
2.55751 -14.4175 -8.525
2.55751 -14.4925 -8.675
2.50751 -14.5425 -8.77501
2.50751 -14.5425 -8.825
2.44084 -14.5758 -8.925
2.38251 -14.5925 -8.975
2.38251 -14.5925 -9.02501
2.34501 -14.655 -9.0125
2.29751 -14.7025 -9.025
2.25751 -14.7675 -9.05
2.20751 -14.8092 -9.05834
2.15751 -14.8258 -9.05834
2.10751 -14.8592 -9.04167
2.05751 -14.8758 -9.00834
1.95751 -14.9092 -8.99167
1.90751 -14.9175 -8.975
1.85751 -14.9175 -8.975
1.80751 -14.9258 -8.95834
1.75751 -14.9258 -8.94167
1.70751 -14.8758 -8.90834
1.65751 -14.8758 -8.89167
1.60751 -14.8425 -8.85
1.55751 -14.7925 -8.825
1.50751 -14.7425 -8.825
1.45751 -14.6925 -8.77501
1.38251 -14.6425 -8.725
1.35751 -14.6175 -8.675
1.35751 -14.6175 -8.625
1.35751 -14.5925 -8.575
1.37417 -14.5758 -8.525
1.37417 -14.5592 -8.475
1.38251 -14.5175 -8.425
1.40751 -14.4925 -8.375
1.45751 -14.4425 -8.325
1.50751 -14.3675 -8.225
1.59251 -14.2875 -8.19
1.67751 -14.2025 -8.145
1.65751 -14.1925 -8.125
1.60751 -14.1425 -8.075
1.55751 -14.1425 -8.025
1.55751 -14.1425 -7.975
1.50751 -14.0925 -7.925
1.48751 -14.1125 -7.935
1.54501 -14.055 -7.9125
1.59501 -14.005 -7.9125
1.65751 -13.9675 -7.9
1.70751 -13.9425 -7.9
1.75751 -13.9258 -7.90833
1.85751 -13.9092 -7.94167
1.90751 -13.8925 -7.95
1.95751 -13.9092 -7.94167
2.00751 -13.9175 -7.925
2.20751 -13.9175 -7.925
2.25751 -13.9258 -7.94167
2.30751 -13.9592 -7.95834
2.40751 -13.9758 -7.99167
2.45751 -14.0092 -8.00834
2.50751 -14.0258 -8.04167
2.55751 -14.0425 -8.0625
2.60751 -14.0592 -8.10834
2.65751 -14.0758 -8.14167
2.70751 -14.1175 -8.2
2.73251 -14.1675 -8.275
2.77417 -14.1758 -8.325
2.79084 -14.2092 -8.375
2.82417 -14.2592 -8.425
2.84084 -14.2592 -8.475
2.84084 -14.3092 -8.525
2.84084 -14.3258 -8.575
2.84084 -14.3592 -8.625
2.83251 -14.3925 -8.675
2.84084 -14.4092 -8.725
2.82417 -14.4592 -8.77501
2.80751 -14.4675 -8.825
2.80751 -14.4925 -8.875
2.77417 -14.5092 -8.925
2.75751 -14.5175 -8.975
2.72417 -14.5592 -9.02501
2.69084 -14.5758 -9.075
2.67417 -14.6092 -9.125
2.63251 -14.6425 -9.175
2.60751 -14.6925 -9.225
2.55751 -14.7425 -9.25
2.50751 -14.7925 -9.25
2.45751 -14.8592 -9.25833
2.40751 -14.905 -9.275
2.35751 -14.93 -9.275
2.30751 -14.9675 -9.3
2.25751 -14.9925 -9.3
2.20751 -15.0092 -9.29167
2.15751 -15.0425 -9.2625
2.10751 -15.0758 -9.25833
2.05751 -15.0758 -9.24167
2.00751 -15.0925 -9.2125
1.95751 -15.1175 -9.225
1.90751 -15.1092 -9.20834
1.85751 -15.1092 -9.19167
1.75751 -15.1258 -9.15834
1.70751 -15.1425 -9.15
1.65751 -15.1258 -9.14167
1.60751 -15.1092 -9.10834
1.55751 -15.0758 -9.09167
1.50751 -15.0592 -9.05834
1.45751 -15.0258 -9.04167
1.40751 -14.9925 -9
1.35751 -14.9425 -8.95
1.30751 -14.8925 -8.95
1.25751 -14.8425 -8.9
1.20751 -14.7925 -8.875
1.12417 -14.7258 -8.825
1.09084 -14.7092 -8.77501
1.07417 -14.7092 -8.725
1.05751 -14.6925 -8.675
1.05751 -14.6925 -8.625
1.07417 -14.6758 -8.575
1.05751 -14.6425 -8.525
1.07417 -14.6258 -8.475
1.07417 -14.6092 -8.425
1.10751 -14.5675 -8.375
1.10751 -14.5425 -8.325
1.15751 -14.4425 -8.225
1.25751 -14.3425 -8.125
1.32001 -14.28 -8.0375
1.3964 -14.1925 -7.99167
1.40751 -14.1925 -7.975
1.25751 -14.0425 -7.825
1.20751 -14.0425 -7.825
1.19501 -14.0487 -7.8375
1.12001 -14.13 -7.8875
1.05751 -14.1925 -7.975
0.857508 -14.3925 -8.175
0.782508 -14.5425 -8.325
0.782508 -14.5925 -8.375
0.757508 -14.6175 -8.425
0.757508 -14.7425 -8.675
0.757508 -14.7425 -8.725
0.782508 -14.7425 -8.77501
0.832508 -14.7925 -8.875
0.832508 -14.7925 -8.925
0.882508 -14.8175 -8.975
0.937508 -14.8725 -9.01501
0.987508 -14.9225 -9.045
1.04751 -14.9825 -9.075
1.08251 -15.0425 -9.1
1.14501 -15.08 -9.1375
1.19501 -15.13 -9.1875
1.25751 -15.1675 -9.2
1.30751 -15.2092 -9.20834
1.35751 -15.2258 -9.24167
1.40751 -15.2592 -9.25833
1.45751 -15.2758 -9.29167
1.50751 -15.2925 -9.3
1.55751 -15.3092 -9.35833
1.60751 -15.3175 -9.375
1.65751 -15.3175 -9.375
1.70751 -15.3092 -9.39167
1.75751 -15.2925 -9.4
1.80751 -15.2925 -9.4
1.85751 -15.2925 -9.45
1.90751 -15.2758 -9.45833
1.95751 -15.2592 -9.49167
2.05751 -15.2258 -9.50833
2.10751 -15.2175 -9.525
2.15751 -15.1675 -9.525
2.20751 -15.1758 -9.54167
2.25751 -15.1592 -9.54167
2.30751 -15.1258 -9.55833
2.35751 -15.1092 -9.55833
2.40751 -15.0758 -9.55833
2.45751 -15.0175 -9.55
2.50751 -14.9675 -9.55
2.54084 -14.9092 -9.525
2.59084 -14.8592 -9.525
2.63251 -14.7925 -9.525
2.68251 -14.7425 -9.525
2.69084 -14.6925 -9.50833
2.70751 -14.6425 -9.5
2.78251 -14.6425 -9.475
2.84084 -14.6258 -9.425
2.87417 -14.6092 -9.325
2.94084 -14.5758 -9.275
2.94084 -14.5592 -9.225
2.99084 -14.5258 -9.175
3.00751 -14.5175 -9.125
3.04084 -14.4758 -9.075
3.05751 -14.4675 -9.02501
3.09084 -14.4258 -8.975
3.09084 -14.4092 -8.925
3.09084 -14.3758 -8.875
3.10751 -14.3175 -8.825
3.10751 -14.3175 -8.77501
3.10751 -14.2675 -8.725
3.10751 -14.2675 -8.675
3.12417 -14.2258 -8.625
3.10751 -14.1675 -8.575
3.10751 -14.1675 -8.525
3.09084 -14.1092 -8.475
3.08251 -14.0925 -8.425
3.04084 -14.0592 -8.375
3.02417 -14.0258 -8.325
2.99501 -13.9925 -8.275
2.94084 -13.9592 -8.225
2.90751 -13.9175 -8.175
2.85751 -13.8925 -8.125
2.80751 -13.8592 -8.04167
2.75751 -13.8175 -8
2.70751 -13.8175 -7.95
2.65751 -13.8092 -7.90833
2.60751 -13.7758 -7.89167
2.55751 -13.7592 -7.85834
2.50751 -13.7592 -7.84167
2.45751 -13.7175 -7.825
2.40751 -13.7175 -7.8
2.35751 -13.7092 -7.75833
2.30751 -13.6925 -7.75
2.05751 -13.6925 -7.75
2.00751 -13.6758 -7.75833
1.95751 -13.6675 -7.775
1.80751 -13.6675 -7.775
1.75751 -13.6758 -7.75833
1.70751 -13.7092 -7.74167
1.65751 -13.7175 -7.725
1.60751 -13.7175 -7.725
1.55751 -13.7675 -7.725
1.50751 -13.8092 -7.74167
1.45751 -13.8175 -7.725
1.40751 -13.8425 -7.75
1.35751 -13.9092 -7.75833
1.30751 -13.9592 -7.79167
1.30751 -13.9425 -7.775
1.25751 -13.9425 -7.775
1.15751 -13.8425 -7.675
1.10751 -13.8425 -7.675
1.09322 -13.8211 -7.66072
1.13251 -13.7425 -7.625
1.18251 -13.6925 -7.6
1.23251 -13.6425 -7.6
1.29501 -13.605 -7.5875
1.35751 -13.5758 -7.59167
1.40751 -13.5592 -7.59167
1.45751 -13.5175 -7.575
1.50751 -13.4758 -7.59167
1.55751 -13.4592 -7.59167
1.60751 -13.4425 -7.6
1.65751 -13.4175 -7.625
2.35751 -13.4175 -7.625
2.40751 -13.4425 -7.625
2.45751 -13.4592 -7.64167
2.50751 -13.4592 -7.65833
2.55751 -13.4758 -7.69167
2.60751 -13.4758 -7.70833
2.65751 -13.5175 -7.725
2.70751 -13.5175 -7.75
2.74084 -13.5425 -7.80833
2.80751 -13.5592 -7.80833
2.85751 -13.5592 -7.85834
2.90751 -13.5675 -7.9
2.95751 -13.6175 -7.95
2.99501 -13.63 -8
3.05751 -13.6675 -8.075
3.09084 -13.7092 -8.125
3.14084 -13.7592 -8.175
3.22417 -13.7758 -8.275
3.24084 -13.8092 -8.325
3.27001 -13.88 -8.3625
3.29084 -13.9092 -8.425
3.32417 -13.9258 -8.475
3.34084 -13.9592 -8.525
3.34501 -13.9925 -8.575
3.35751 -14.0175 -8.625
3.35751 -14.0175 -8.675
3.37417 -14.0758 -8.725
3.37417 -14.1258 -8.77501
3.35751 -14.1675 -8.825
3.35751 -14.1675 -8.925
3.34084 -14.2258 -8.975
3.35751 -14.2675 -9.02501
3.34084 -14.2758 -9.075
3.33251 -14.3175 -9.125
3.30751 -14.3758 -9.15834
3.29084 -14.3758 -9.225
3.25751 -14.4175 -9.275
3.24084 -14.4258 -9.325
3.19084 -14.4592 -9.375
3.17417 -14.4592 -9.425
3.14084 -14.4758 -9.475
3.10751 -14.5175 -9.525
3.09084 -14.5258 -9.575
3.02417 -14.5592 -9.625
2.99084 -14.5758 -9.675
2.92417 -14.6092 -9.725
2.87001 -14.605 -9.7625
2.80751 -14.6758 -9.79167
2.75751 -14.6925 -9.775
2.79084 -14.7425 -9.80833
2.75751 -14.8175 -9.8
2.70751 -14.8675 -9.8
2.65751 -14.9258 -9.80833
2.60751 -14.9675 -9.825
2.50751 -15.0675 -9.825
2.45751 -15.1175 -9.85
2.40751 -15.1675 -9.85
2.35751 -15.1925 -9.85
2.30751 -15.2092 -9.84167
2.25751 -15.2425 -9.825
2.20751 -15.2675 -9.825
2.15751 -15.2925 -9.8
2.10751 -15.3258 -9.80833
2.05751 -15.3258 -9.79167
2.00751 -15.3425 -9.775
1.95751 -15.3675 -9.775
1.90751 -15.3758 -9.75833
1.85751 -15.3758 -9.74167
1.75751 -15.4092 -9.70833
1.70751 -15.3925 -9.7
1.65751 -15.4175 -9.675
1.60751 -15.4258 -9.65833
1.55751 -15.4258 -9.64167
1.50751 -15.4425 -9.625
1.45751 -15.4425 -9.6
1.40751 -15.4258 -9.59167
1.35751 -15.4092 -9.55833
1.30751 -15.3925 -9.5
1.25751 -15.3758 -9.49167
1.20751 -15.3592 -9.45833
1.15751 -15.3258 -9.40833
1.10751 -15.3092 -9.40833
1.03751 -15.2825 -9.395
0.997508 -15.2325 -9.375
0.945008 -15.18 -9.3375
0.882508 -15.1425 -9.3
0.840841 -15.0925 -9.25833
0.807508 -15.0425 -9.25
0.740841 -14.9925 -9.24167
0.732508 -14.9175 -9.225
0.682508 -14.8675 -9.175
0.632508 -14.8425 -9.125
0.582507 -14.8425 -9.075
0.557505 -14.8425 -9.02501
0.557505 -14.8175 -8.975
0.532505 -14.7925 -8.925
0.507505 -14.7925 -8.875
0.457505 -14.7425 -8.77501
0.457505 -14.7425 -8.725
0.457505 -14.6175 -8.475
0.457505 -14.5675 -8.425
0.474172 -14.5592 -8.375
0.490838 -14.5258 -8.325
0.507505 -14.4675 -8.275
0.507505 -14.4175 -8.225
0.532505 -14.3925 -8.175
0.557505 -14.3425 -8.125
0.857508 -14.0425 -7.825
0.920008 -13.98 -7.7375
0.957508 -13.9092 -7.70833
1.00751 -13.8758 -7.69167
3.8729 -54.7489 3.28713
