-2.19249 -7.96749 -4.075
-2.44249 -8.01749 -4.2
-2.74249 -8.21749 -4.325
-2.99249 -8.31749 -4.425
-3.40499 -8.42999 -4.6375
-3.54249 -8.52583 -4.79167
-3.79249 -8.59249 -5.025
-4.09249 -8.59249 -5.325
-4.19249 -8.54249 -5.425
-4.30916 -8.62583 -5.525
-4.54249 -8.79249 -6.075
-4.59249 -8.79249 -6.425
-4.64249 -8.79249 -6.525
-4.62027 -8.71472 -6.81944
-4.64249 -8.66749 -6.925
-4.64249 -8.64249 -7.125
-4.69249 -8.59249 -7.275
-4.66749 -8.59249 -7.425
-4.69249 -8.59249 -7.475
-4.64249 -8.54249 -7.675
-4.69249 -8.67583 -7.80833
-4.65916 -8.94249 -8.05833
-4.69249 -9.04249 -8.175
-4.79249 -8.94249 -8.125
-4.94249 -8.94249 -8.125
-4.99249 -8.97583 -8.15833
-4.97583 -9.00916 -8.225
-5.01749 -9.06749 -8.275
-5.06749 -9.06749 -8.325
-5.27999 -9.20499 -8.5125
-5.42583 -9.24249 -8.65834
-5.42999 -9.24249 -8.725
-5.50916 -9.27583 -8.825
-5.82583 -9.57583 -9.125
-6.21749 -9.99249 -9.175
-6.51749 -10.6425 -9.175
-6.69249 -10.9925 -9.325
-6.77583 -11.3425 -9.49167
-6.89249 -11.6675 -9.875
-6.94249 -11.7175 -10.075
-6.94249 -11.8175 -10.275
-6.99249 -11.9425 -10.375
-6.94249 -12.1925 -10.6
-6.92583 -12.2592 -10.725
-6.94249 -12.3258 -10.7583
-6.91749 -12.4675 -10.925
-6.89249 -12.5175 -11.025
-6.84249 -12.5675 -11.125
-6.74249 -12.8758 -11.4083
-6.61749 -13.0425 -11.725
-6.46749 -13.1425 -11.975
-6.41749 -13.1425 -12.125
-6.26749 -13.1925 -12.275
-6.26749 -13.1925 -12.325
-5.86749 -13.1925 -12.725
-5.80916 -13.2092 -12.775
-5.74249 -13.3425 -12.85
-5.76749 -13.5925 -12.925
-5.75916 -13.8925 -12.9583
-5.74249 -14.0425 -13.05
-5.72583 -14.2425 -13.0583
-5.71749 -14.4925 -13.175
-5.67583 -14.7425 -13.2083
-5.55916 -15.4425 -13.4417
-5.49249 -15.9425 -13.5
-5.41749 -16.2925 -13.525
-5.37583 -16.3425 -13.5083
-5.36749 -16.4425 -13.525
-5.27583 -16.6925 -13.5083
-5.25916 -16.7925 -13.5417
-5.21749 -16.8425 -13.525
-5.19249 -16.9425 -13.55
-4.92583 -17.5425 -13.5583
-4.85916 -17.8425 -13.6417
-4.72583 -18.1925 -13.7583
-4.72583 -18.2925 -13.8083
-4.47583 -18.8425 -13.9083
-4.20916 -19.2925 -13.9583
-3.97582 -19.5925 -13.9583
-3.80499 -19.73 -13.9375
-3.49249 -19.9675 -14.025
-3.29249 -20.0425 -14.075
-3.04249 -20.1258 -14.0583
-2.94249 -20.1592 -14.1083
-2.70916 -20.6425 -14.1083
-2.49249 -20.8925 -14.0875
-2.34249 -20.9925 -14.05
-2.05499 -21.28 -14.0625
-1.54249 -21.6092 -14.2083
-1.24249 -21.6925 -14.2
-0.492494 -21.8925 -14.3
-0.292494 -21.9175 -14.375
0.057505 -21.9175 -14.375
0.157505 -21.9258 -14.4083
0.507505 -21.8675 -14.525
1.00751 -21.8925 -14.55
1.35751 -21.8425 -14.65
1.50751 -21.7758 -14.6417
1.65751 -21.7925 -14.65
1.80751 -21.7425 -14.65
1.85751 -21.7592 -14.6583
1.90751 -21.7258 -14.6917
1.95751 -21.7592 -14.7083
2.20751 -21.6925 -14.775
2.30751 -21.7175 -14.775
2.50751 -21.6425 -14.75
2.85751 -21.6175 -14.775
2.90751 -21.5675 -14.775
3.10751 -21.5425 -14.75
3.25751 -21.5175 -14.825
3.60751 -21.4425 -14.8
3.80751 -21.4175 -14.875
4.05751 -21.3258 -14.8583
4.35751 -21.2175 -14.95
4.65751 -21.0258 -15.0583
4.70751 -20.9675 -15.05
5.00751 -20.8758 -15.1083
5.10751 -20.8258 -15.0917
5.20751 -20.8175 -15.125
5.25751 -20.7925 -15.1
5.70751 -20.5092 -15.1417
5.95751 -20.2925 -15.2125
6.00751 -20.1925 -15.225
6.15751 -20.0425 -15.325
6.25751 -19.9425 -15.325
6.47417 -19.6925 -15.4083
6.58251 -19.5425 -15.5
6.70751 -19.2925 -15.55
6.85751 -18.7925 -15.65
6.93251 -18.3425 -15.725
7.25751 -18.1758 -15.7083
7.35751 -18.0425 -15.725
7.70751 -17.6925 -15.7
7.88251 -17.3925 -15.675
7.97417 -17.0425 -15.6417
8.0575 -16.3425 -15.6
8.0575 -15.9425 -15.6
8.10751 -15.8425 -15.6
8.10751 -15.7425 -15.65
8.13251 -15.5925 -15.625
8.13251 -14.4925 -15.625
8.10751 -14.1925 -15.6
8.08251 -14.0925 -15.625
8.0575 -13.8925 -15.55
8.00751 -13.7425 -15.55
8.00751 -13.0425 -15.35
7.95751 -12.8925 -15.325
7.95751 -12.7425 -15.25
7.92417 -12.6425 -15.2583
7.85751 -12.3925 -15.125
7.80751 -12.1925 -15.075
7.80751 -12.1258 -15.0417
7.92751 -12.0125 -15.015
8.19084 -11.7758 -14.775
8.22417 -11.7092 -14.675
8.35751 -11.5675 -14.525
8.93251 -11.2425 -13.975
8.93251 -11.2175 -13.925
9.18251 -10.9925 -13.575
9.24084 -10.8258 -13.425
9.27418 -10.7425 -13.2917
9.32001 -10.53 -13.1125
9.29084 -10.3758 -12.975
9.37417 -10.2092 -12.625
9.42001 -9.92999 -12.2625
9.38251 -9.76749 -12.125
9.32001 -9.52999 -11.7625
9.24501 -9.34249 -11.625
9.24084 -9.20916 -11.325
9.20751 -9.17583 -11.1583
9.13251 -9.06749 -11.075
9.13251 -9.05499 -11
9.03251 -8.99249 -10.9
8.65751 -8.59249 -10.625
8.45751 -8.39249 -10.525
8.38251 -8.34249 -10.525
8.38251 -8.29249 -10.5
8.08251 -7.99249 -10.375
7.72417 -7.59249 -10.3083
7.54084 -7.35916 -10.125
7.53251 -7.34249 -9.875
7.48251 -7.34249 -9.825
7.45751 -7.36749 -9.475
7.50751 -7.29249 -9.225
7.53251 -7.34249 -9.075
7.60751 -7.36749 -8.925
7.60751 -7.46749 -8.675
7.65751 -7.49249 -8.525
7.63251 -7.49249 -8.225
7.68251 -7.49249 -8.175
7.68251 -7.49249 -7.875
7.70751 -7.46749 -7.775
7.62417 -7.32582 -7.175
7.55751 -7.26749 -7.025
7.48251 -7.26749 -6.925
7.39084 -7.15916 -6.775
7.39084 -7.14249 -6.70834
7.29501 -7.05499 -6.6125
7.09084 -6.97583 -6.425
7.04084 -7.00916 -6.325
7.00751 -6.96749 -6.275
6.90751 -6.96749 -6.175
6.85751 -6.91749 -6.125
6.60751 -6.86749 -5.85
6.50751 -6.80916 -5.75833
6.23251 -6.81749 -5.525
6.10751 -6.79249 -5.35
5.80751 -6.70916 -5.05834
5.65751 -6.69249 -5
5.45751 -6.64249 -4.85
5.30751 -6.65916 -4.79167
5.15751 -6.59249 -4.7
4.90751 -6.54249 -4.6
4.80751 -6.56749 -4.575
4.70751 -6.54249 -4.55
4.60751 -6.55916 -4.44167
4.35751 -6.54249 -4.3
4.20751 -6.60916 -4.24167
3.8575 -6.61749 -4.125
3.70751 -6.66749 -4.075
3.50751 -6.61749 -4.025
3.35751 -6.64249 -3.975
3.20751 -6.60916 -3.94167
3.00751 -6.64249 -3.95
2.50751 -6.66749 -3.875
2.25751 -6.65916 -3.79167
2.05751 -6.59249 -3.75
1.85751 -6.64249 -3.75
1.60751 -6.64249 -3.75
1.45751 -6.59249 -3.75
1.35751 -6.61749 -3.775
1.10751 -6.59249 -3.775
0.857508 -6.61749 -3.775
0.707508 -6.64249 -3.725
0.257505 -6.80916 -3.69167
0.00750502 -6.84249 -3.65
-0.342494 -6.96749 -3.675
-0.392494 -6.99249 -3.65
-0.542494 -6.99249 -3.65
-0.692494 -7.04249 -3.7
-0.992494 -7.09249 -3.65
-1.29249 -7.20916 -3.65833
-1.34249 -7.27583 -3.69167
-1.44249 -7.30916 -3.70833
-1.79249 -7.57582 -3.84167
-1.94249 -7.59249 -3.85
-2.24249 -7.65916 -3.94167
-2.49249 -7.75916 -4.09167
-2.59249 -7.75916 -4.10834
-2.64249 -7.82582 -4.14167
-2.84249 -7.90916 -4.20833
-2.89249 -7.97582 -4.24167
-3.14249 -8.05916 -4.30833
-3.34249 -8.15916 -4.40834
-3.55499 -8.20499 -4.5
-3.84249 -8.36749 -4.775
-4.14249 -8.40916 -5.09167
-4.24249 -8.37583 -5.14167
-4.29249 -8.41749 -5.175
-4.44249 -8.44249 -5.325
-4.56749 -8.54249 -5.425
-4.66749 -8.64249 -5.625
-4.79249 -8.69249 -5.875
-4.81749 -8.74249 -5.975
-4.91749 -8.74249 -6.425
-4.94249 -8.71749 -6.475
-4.92374 -8.62374 -6.83125
-4.94249 -8.59249 -7.075
-4.99249 -8.56749 -7.175
-4.99249 -8.54249 -7.575
-4.94249 -8.54249 -7.675
-4.97583 -8.55916 -7.775
-4.99249 -8.77583 -7.95833
-4.94249 -8.89249 -8.05
-4.99249 -8.89249 -8.025
-5.04249 -8.84249 -8.075
-5.19249 -8.84249 -8.075
-5.24249 -8.79249 -8.125
-5.31749 -8.91749 -8.275
-5.47999 -9.00499 -8.4125
-5.62583 -9.04249 -8.55834
-5.62583 -9.05916 -8.625
-5.77583 -9.10916 -8.825
-6.04249 -9.36749 -9.075
-6.17999 -9.51749 -9.1
-6.25916 -9.64249 -9.15834
-6.46749 -9.84249 -9.175
-6.79249 -10.5425 -9.175
-6.97583 -10.8925 -9.34167
-7.04249 -11.1425 -9.45
-7.06749 -11.2925 -9.6
-7.11749 -11.3425 -9.65
-7.11749 -11.4425 -9.775
-7.17583 -11.5592 -9.925
-7.22583 -11.6092 -10.075
-7.21749 -11.7425 -10.325
-7.26749 -11.8675 -10.475
-7.25916 -11.9425 -10.4917
-7.19249 -12.4425 -11.025
-7.11749 -12.5675 -11.275
-7.02999 -12.78 -11.4625
-6.89249 -13.0175 -11.825
-6.81749 -13.0925 -11.975
-6.69249 -13.0925 -12.225
-6.56749 -13.1425 -12.375
-6.56749 -13.1425 -12.425
-5.95916 -13.1592 -13.025
-5.89249 -13.2425 -13.075
-5.89249 -13.3425 -13.15
-5.89249 -13.6925 -13.2
-5.86749 -14.0425 -13.325
-5.84249 -14.2425 -13.35
-5.84249 -14.4425 -13.45
-5.79249 -14.6925 -13.475
-5.79249 -14.8925 -13.55
-5.72583 -15.1425 -13.6083
-5.74249 -15.2425 -13.65
-5.71749 -15.6425 -13.725
-5.69249 -15.6925 -13.7
-5.64249 -16.0925 -13.75
-5.59249 -16.1925 -13.75
-5.55916 -16.4425 -13.7583
-5.41749 -16.7925 -13.775
-5.40916 -16.8925 -13.7917
-5.37583 -16.9425 -13.7583
-5.35916 -17.0425 -13.7917
-5.27583 -17.1925 -13.7583
-5.25916 -17.2425 -13.7917
-5.22583 -17.2925 -13.7583
-5.19249 -17.4425 -13.8
-5.10916 -17.6925 -13.8083
-5.06749 -17.7425 -13.825
-5.06749 -17.8425 -13.875
-5.02583 -17.8925 -13.8583
-5.01749 -17.9925 -13.925
-5.00916 -18.0425 -13.9083
-4.90916 -18.3425 -14.0417
-4.82583 -18.5425 -14.0583
-4.70916 -18.7925 -14.1417
-4.66749 -18.8425 -14.125
-4.56749 -19.0425 -14.175
-4.30916 -19.3425 -14.2417
-4.01749 -19.6925 -14.225
-3.64249 -19.9425 -14.275
-3.34249 -20.0925 -14.375
-3.14249 -20.1675 -14.375
-2.85916 -20.7425 -14.3583
-2.64249 -20.9925 -14.3375
-2.39249 -21.1758 -14.2917
-2.24249 -21.3175 -14.3
-1.84249 -21.6175 -14.425
-1.59249 -21.7092 -14.4917
-1.34249 -21.7675 -14.475
-1.19249 -21.8175 -14.525
-0.742494 -21.9425 -14.55
-0.642494 -21.9425 -14.6
-0.492494 -21.9925 -14.6
-0.392494 -21.9925 -14.65
-0.292494 -22.0425 -14.65
0.057505 -22.0425 -14.65
0.257505 -22.0425 -14.7
0.507505 -21.9925 -14.8
0.957508 -22.0675 -14.775
1.05751 -22.0675 -14.825
1.85751 -22.0175 -14.825
1.95751 -22.0425 -14.85
2.20751 -21.9675 -14.875
2.35751 -21.9925 -14.9
2.60751 -21.9092 -14.8917
2.90751 -21.8592 -14.9417
3.05751 -21.7758 -14.9583
3.40751 -21.7092 -15.0083
3.55751 -21.6258 -15.0583
3.80751 -21.5592 -15.1417
4.10751 -21.3675 -15.175
4.60751 -21.0925 -15.35
4.75751 -21.0675 -15.375
4.85751 -21.0425 -15.35
5.20751 -20.9258 -15.4083
5.70751 -20.5675 -15.425
5.90751 -20.4675 -15.475
6.25751 -20.1175 -15.6
6.38251 -19.9425 -15.625
6.63251 -19.6425 -15.775
6.63251 -19.5925 -15.775
6.72417 -19.4925 -15.8083
6.92417 -18.9925 -15.9083
7.00751 -18.5925 -15.95
7.00751 -18.5425 -16
7.03251 -18.3925 -16.025
7.20751 -18.2425 -16.025
7.45751 -18.1175 -16
7.70751 -17.8675 -16
7.83251 -17.6425 -15.975
7.93251 -17.5425 -15.975
8.0575 -17.2425 -15.9
8.08251 -17.1425 -15.925
8.15751 -16.7425 -15.9
8.15751 -16.4925 -15.9
8.2075 -16.0925 -15.85
8.2075 -15.9425 -15.85
8.2325 -15.7925 -15.925
8.25751 -15.4925 -15.9
8.2325 -14.6425 -15.925
8.1825 -14.1925 -15.875
8.1825 -14.0925 -15.925
8.0575 -13.4925 -15.775
8.0575 -12.8925 -15.6
8.02417 -12.7925 -15.6083
7.85751 -12.1092 -15.3583
8.07001 -11.905 -15.2625
8.14501 -11.88 -15.2125
8.32417 -11.6592 -15.025
8.42417 -11.5925 -14.8583
8.70751 -11.3675 -14.55
9.09084 -11.1258 -14.225
9.22418 -11.0592 -14.025
9.33251 -10.9425 -13.875
9.43251 -10.7425 -13.675
9.49084 -10.3758 -13.325
9.53251 -10.2425 -13.075
9.58251 -10.2175 -13.025
9.63251 -10.1425 -12.775
9.68251 -9.84249 -12.425
9.64084 -9.57583 -12.125
9.58251 -9.44249 -11.9
9.52417 -9.24249 -11.7083
9.45751 -9.11749 -11.625
9.47417 -9.07583 -11.575
9.43251 -8.96749 -11.275
9.38251 -8.94249 -11.225
9.34501 -8.85499 -11.0625
9.23251 -8.79249 -10.95
9.19084 -8.69249 -10.8917
9.08251 -8.59249 -10.8
8.52417 -8.04249 -10.5083
8.34501 -7.81749 -10.4125
8.2325 -7.74249 -10.375
8.15751 -7.60916 -10.3083
8.08251 -7.59249 -10.3
8.0575 -7.54249 -10.275
7.76584 -7.20083 -10.275
7.75751 -7.16749 -10.225
7.73251 -7.19249 -9.475
7.77417 -7.22583 -9.425
7.83251 -7.29249 -9.175
7.90751 -7.29249 -8.925
7.89084 -7.35916 -8.725
7.95751 -7.39249 -8.575
7.93251 -7.39249 -8.475
7.95751 -7.41749 -8.375
7.93251 -7.39249 -8.275
7.95751 -7.41749 -8.125
7.94084 -7.35916 -7.925
7.98251 -7.34249 -7.775
7.95751 -7.26749 -7.525
7.82417 -7.12583 -7.025
7.69084 -7.05916 -6.825
7.45751 -6.82582 -6.49167
7.22417 -6.72583 -6.325
6.85751 -6.65916 -5.89167
6.70751 -6.56749 -5.75
6.39084 -6.49249 -5.55833
6.28251 -6.51749 -5.475
6.00751 -6.45916 -5.14167
5.90751 -6.44249 -5.1
5.75751 -6.39249 -4.95
5.70751 -6.39249 -4.95
5.60751 -6.36749 -4.85
5.20751 -6.30916 -4.64167
4.90751 -6.24249 -4.525
4.85751 -6.26749 -4.525
4.70751 -6.24249 -4.475
4.65751 -6.26749 -4.45
4.40751 -6.24249 -4.25
4.20751 -6.31749 -4.175
4.10751 -6.29249 -4.125
3.95751 -6.34249 -4.1
3.65751 -6.35916 -3.99167
3.25751 -6.31749 -3.875
2.95751 -6.34249 -3.875
2.80751 -6.36749 -3.825
2.75751 -6.34249 -3.825
2.60751 -6.39249 -3.8
2.45751 -6.39249 -3.75
2.10751 -6.31749 -3.675
1.95751 -6.29249 -3.675
1.80751 -6.34249 -3.675
1.60751 -6.34249 -3.675
1.40751 -6.29249 -3.675
1.35751 -6.31749 -3.675
1.05751 -6.29249 -3.75
0.957508 -6.32583 -3.75833
0.657508 -6.34249 -3.675
0.157505 -6.54249 -3.6
0.057505 -6.54249 -3.57501
-0.392494 -6.69249 -3.57501
-0.542494 -6.69249 -3.55001
-0.742494 -6.77583 -3.59167
-0.842494 -6.81749 -3.57501
-0.942494 -6.79249 -3.55001
-1.14249 -6.86749 -3.52501
-1.44249 -6.95916 -3.55834
-1.49249 -7.02583 -3.59167
-1.59249 -7.05916 -3.60834
-1.64249 -7.12583 -3.64167
-1.74249 -7.15916 -3.65833
-1.94249 -7.30916 -3.74167
-2.09249 -7.34249 -3.8
-2.19249 -7.34249 -3.8
-2.49249 -7.44249 -3.975
-2.64249 -7.46749 -4.025
-2.84249 -7.61749 -4.075
-2.99249 -7.65916 -4.10834
-3.14249 -7.77582 -4.19167
-3.24249 -7.79249 -4.2
-3.39249 -7.87582 -4.29167
-3.59249 -7.91749 -4.35
-3.64249 -7.96749 -4.375
-3.90499 -8.07999 -4.5375
-4.04249 -8.15916 -4.69167
-4.24249 -8.20916 -4.89167
-4.29249 -8.19249 -4.9
-4.50499 -8.22999 -5.0375
-4.66749 -8.31749 -5.175
-4.76749 -8.36749 -5.275
-4.90916 -8.52583 -5.475
-5.06749 -8.61749 -5.775
-5.14249 -8.69249 -6.075
-5.17583 -8.67583 -6.125
-5.19249 -8.66749 -6.325
-5.24249 -8.61749 -6.475
-5.21472 -8.55916 -6.76389
-5.24249 -8.54249 -6.875
-5.24249 -8.54249 -7.025
-5.29249 -8.54249 -7.125
-5.29249 -8.54249 -7.625
-5.27583 -8.67583 -8.025
-5.24249 -8.74249 -8.075
-5.39249 -8.74249 -8.075
-5.44249 -8.69249 -8.125
-5.54249 -8.69249 -8.125
-5.57583 -8.75916 -8.275
-5.69249 -8.81749 -8.375
-5.79249 -8.81749 -8.475
-6.00916 -8.92583 -8.77501
-6.17583 -9.10916 -9.02501
-6.49249 -9.44249 -9.175
-6.61749 -9.59249 -9.175
-6.71749 -9.69249 -9.125
-6.86749 -10.0425 -9.175
-7.01749 -10.2925 -9.175
-7.11749 -10.4925 -9.25
-7.10916 -10.5425 -9.25833
-7.17583 -10.5925 -9.29167
-7.24249 -10.7925 -9.35
-7.34249 -11.0925 -9.55
-7.42582 -11.4092 -9.925
-7.49249 -11.4675 -10.075
-7.52999 -11.6925 -10.425
-7.54249 -11.8925 -10.55
-7.54249 -12.1425 -10.8
-7.49249 -12.3758 -11.0583
-7.32582 -12.6258 -11.525
-7.21749 -12.8675 -11.775
-7.22583 -12.8758 -11.825
-7.10916 -13.0092 -12.075
-7.01749 -13.0425 -12.175
-6.86749 -13.0925 -12.525
-6.10916 -13.1092 -13.275
-6.04249 -13.2925 -13.4
-6.01749 -13.4925 -13.475
-5.97583 -13.6925 -13.4917
-5.99249 -13.8925 -13.55
-5.94249 -14.2925 -13.7
-5.96749 -14.3925 -13.725
-5.94249 -14.6425 -13.75
-5.87583 -14.9425 -13.8417
-5.86749 -15.3425 -13.925
