-2.19249 -7.96749 -4.075
-2.44249 -8.03997 -4.19796
-2.94249 -8.28732 -4.40957
-3.39474 -8.44507 -4.66155
-3.74251 -8.57158 -4.97882
-4.14446 -8.5812 -5.375
-4.27761 -8.61723 -5.525
-4.50219 -8.75317 -5.975
-4.60669 -8.79068 -6.42511
-4.67641 -8.60509 -7.27497
-4.66839 -8.58301 -7.67239
-4.70569 -8.97989 -8.10439
-4.94784 -8.97248 -8.16397
-5.2248 -9.16828 -8.46713
-5.57358 -9.3406 -8.87172
-5.82107 -9.58118 -9.08428
-6.15241 -9.94238 -9.17152
-6.52225 -10.6425 -9.19365
-6.6391 -10.8925 -9.27846
-6.74224 -11.1924 -9.42865
-6.79905 -11.388 -9.56527
-6.86111 -11.5649 -9.76729
-6.95552 -11.8948 -10.3245
-6.94584 -12.1826 -10.6125
-6.89535 -12.4821 -10.9736
-6.73642 -12.8624 -11.417
-6.59971 -13.0434 -11.7249
-6.32138 -13.1715 -12.225
-5.91979 -13.2118 -12.6725
-5.83494 -13.2597 -12.7612
-5.76717 -13.3917 -12.8558
-5.70464 -14.5425 -13.1777
-5.55983 -15.4425 -13.4322
-5.49058 -15.8925 -13.4973
-5.30002 -16.6425 -13.5176
-4.94026 -17.5425 -13.571
-4.69453 -18.3425 -13.8093
-4.49211 -18.7925 -13.9028
-4.16023 -19.3425 -13.9549
-3.90834 -19.6365 -13.9524
-3.54323 -19.9155 -14.0078
-2.95591 -20.202 -14.1
-2.6513 -20.6925 -14.1033
-2.30436 -21.0379 -14.0597
-1.94488 -21.3559 -14.0996
-1.59249 -21.5746 -14.1899
-1.24249 -21.6918 -14.2154
-0.492494 -21.8807 -14.319
0.107505 -21.9182 -14.3985
0.507505 -21.8712 -14.505
1.10751 -21.8711 -14.5884
1.35751 -21.8252 -14.6392
1.75751 -21.7644 -14.6549
2.20751 -21.7071 -14.7642
3.05751 -21.5491 -14.7706
3.8575 -21.3872 -14.8562
4.20751 -21.267 -14.9106
4.65751 -21.0193 -15.0485
4.95751 -20.8905 -15.0941
5.30751 -20.7578 -15.1123
5.65751 -20.5304 -15.1442
5.9075 -20.3157 -15.2044
6.49808 -19.6425 -15.443
6.69489 -19.2925 -15.5521
6.9419 -18.4037 -15.7144
7.30747 -18.1029 -15.7192
7.72952 -17.6425 -15.7011
7.86401 -17.3925 -15.6709
7.96395 -17.0425 -15.6368
8.06212 -16.0425 -15.6007
8.12824 -15.5425 -15.6295
8.13108 -14.6425 -15.6249
8.08994 -14.1425 -15.606
8.01477 -13.6925 -15.5293
7.98791 -12.9925 -15.3378
7.84396 -12.1837 -15.0624
8.03427 -11.9254 -14.9147
8.27838 -11.6632 -14.625
9.0119 -11.1525 -13.825
9.19327 -10.9295 -13.5236
9.29837 -10.5819 -13.1642
9.31195 -10.3611 -12.9234
9.39613 -10.0517 -12.4199
9.39175 -9.82726 -12.172
9.24672 -9.30539 -11.5242
9.2072 -9.17037 -11.2194
9.10629 -9.05205 -11.0115
8.94437 -8.88887 -10.8386
8.65277 -8.59249 -10.6338
8.18165 -8.09249 -10.4179
7.76636 -7.64212 -10.3005
7.64542 -7.49292 -10.2122
7.55881 -7.38082 -10.0743
7.52223 -7.34584 -9.92498
7.47021 -7.35675 -9.575
7.50398 -7.32266 -9.275
7.58937 -7.37552 -8.925
7.64472 -7.47997 -8.525
7.68037 -7.49127 -8.025
7.68587 -7.43642 -7.625
7.62481 -7.34156 -7.225
7.43141 -7.1933 -6.82149
7.15143 -7.0139 -6.47193
6.55611 -6.8408 -5.81125
6.00564 -6.75958 -5.25185
5.7575 -6.70129 -5.04446
5.30751 -6.63993 -4.78433
4.90751 -6.56236 -4.60912
4.45751 -6.55505 -4.36591
4.0075 -6.61677 -4.17591
3.35751 -6.62715 -3.98467
2.50751 -6.66482 -3.85693
2.00751 -6.60881 -3.75465
1.70751 -6.63712 -3.74916
1.10751 -6.6042 -3.77463
0.657508 -6.66738 -3.72989
-0.092495 -6.88096 -3.65677
-0.742494 -7.05687 -3.68389
-1.04249 -7.12507 -3.65243
-1.24249 -7.20549 -3.66174
-1.84249 -7.56773 -3.83991
-2.14249 -7.63831 -3.91922
-2.49249 -7.74758 -4.07806
-3.04249 -8.02396 -4.28427
-3.49452 -8.18967 -4.49385
-3.84255 -8.35012 -4.78548
-4.39351 -8.44979 -5.27882
-4.66501 -8.62681 -5.625
-4.81392 -8.72431 -5.975
-4.89695 -8.73891 -6.32501
-4.98838 -8.55929 -7.27497
-4.98508 -8.54452 -7.52499
-4.97549 -8.57819 -7.72395
-4.9955 -8.85423 -8.02622
-5.24188 -8.84205 -8.15549
-5.47091 -8.98771 -8.42017
-5.74689 -9.11042 -8.77383
-5.92917 -9.26606 -8.96338
-6.13301 -9.47205 -9.09079
-6.40563 -9.79128 -9.17103
-6.80293 -10.5425 -9.19511
-6.99928 -10.9925 -9.3829
-7.08302 -11.291 -9.60929
-7.1889 -11.5707 -9.97482
-7.24244 -11.7963 -10.3693
-7.24132 -12.0913 -10.6654
-7.18547 -12.4196 -11.0249
-7.01194 -12.8092 -11.5195
-6.88587 -13.0049 -11.825
-6.77649 -13.0799 -12.025
-6.58151 -13.1294 -12.375
-6.06633 -13.1645 -12.9231
-5.97762 -13.2125 -13.0146
-5.90565 -13.3423 -13.1171
-5.84135 -14.4425 -13.4337
-5.72166 -15.3425 -13.6701
-5.64695 -15.9925 -13.7422
-5.51639 -16.5425 -13.7646
-5.13068 -17.5925 -13.8093
-4.90791 -18.3425 -14.0286
-4.73139 -18.7425 -14.1144
-4.34668 -19.2925 -14.2188
-4.05324 -19.6368 -14.2363
-3.74356 -19.8759 -14.2677
-3.20103 -20.1635 -14.3699
-3.09061 -20.2919 -14.3634
-2.83997 -20.7425 -14.3538
-2.56666 -21.0399 -14.3278
-2.24283 -21.3099 -14.3165
-1.74249 -21.6485 -14.4491
-0.792494 -21.9199 -14.5598
-0.192495 -22.0321 -14.6466
0.107505 -22.0385 -14.6752
0.507505 -22.0076 -14.7825
1.15751 -22.0673 -14.8204
1.85751 -22.0204 -14.8341
2.40751 -21.9672 -14.893
3.45751 -21.6752 -15.0331
3.80751 -21.5417 -15.1283
4.55751 -21.1319 -15.3253
5.20751 -20.901 -15.4017
5.85751 -20.481 -15.4641
6.2525 -20.1121 -15.5909
6.7313 -19.4425 -15.8149
6.89534 -19.0425 -15.8939
7.07879 -18.3947 -16.0127
7.69666 -17.8617 -15.9897
7.97158 -17.4426 -15.951
8.07894 -17.1425 -15.9103
8.19899 -16.0925 -15.8607
8.22912 -15.7425 -15.9158
8.25485 -15.3925 -15.902
8.22633 -14.6925 -15.9244
8.17285 -14.0925 -15.8967
8.07512 -13.5425 -15.7961
8.03623 -12.8425 -15.6013
7.89478 -12.1818 -15.3797
8.02336 -11.9701 -15.28
8.31746 -11.6854 -15.0198
8.57221 -11.4719 -14.7102
9.18321 -11.0678 -14.0749
9.31885 -10.9306 -13.875
9.41776 -10.7421 -13.675
9.49862 -10.3681 -13.275
9.62778 -10.1172 -12.775
9.66026 -9.83953 -12.425
9.60995 -9.51436 -12.016
9.47377 -9.1062 -11.5726
9.35053 -8.87875 -11.118
9.2071 -8.7326 -10.9245
8.92696 -8.44247 -10.7169
8.14899 -7.63253 -10.3263
7.84902 -7.28462 -10.252
7.77344 -7.19017 -10.1642
7.75642 -7.16846 -9.92497
7.73807 -7.20087 -9.575
7.88964 -7.30573 -8.925
7.94413 -7.40851 -8.325
7.95554 -7.39357 -8.075
7.94622 -7.27221 -7.525
7.80797 -7.12226 -7.025
7.58098 -6.93944 -6.67172
7.29672 -6.76402 -6.36963
6.75736 -6.60313 -5.8104
6.39817 -6.50923 -5.54473
5.95722 -6.44663 -5.11993
5.45751 -6.35294 -4.77522
4.80751 -6.25451 -4.49588
4.45751 -6.24733 -4.30353
4.05751 -6.31564 -4.11887
3.50751 -6.34227 -3.94732
3.20751 -6.32694 -3.8844
2.50751 -6.38251 -3.76801
2.05751 -6.31091 -3.68167
1.65751 -6.33342 -3.67504
1.05751 -6.30598 -3.73693
0.657508 -6.36243 -3.67701
-0.042495 -6.56589 -3.57725
-0.792494 -6.78512 -3.57367
-1.14249 -6.86294 -3.54324
-1.44249 -6.98523 -3.57369
-1.89249 -7.26085 -3.71908
-2.59249 -7.46946 -4.00461
-3.19249 -7.78007 -4.2006
-3.54251 -7.91741 -4.334
-3.94452 -8.10439 -4.60104
-4.1427 -8.17517 -4.78462
-4.50144 -8.24547 -5.04843
-4.71046 -8.35501 -5.22849
-4.9546 -8.5536 -5.575
-5.15294 -8.66966 -6.075
-5.21034 -8.64876 -6.3751
-5.23752 -8.5558 -6.8403
-5.29174 -8.54256 -7.325
-5.28787 -8.57232 -7.67499
-5.286 -8.70708 -8.03235
-5.53462 -8.71775 -8.16587
-6.03545 -8.96646 -8.82459
-6.19268 -9.12953 -9.00713
-6.4819 -9.44226 -9.15148
-6.78578 -9.84249 -9.1373
-7.03852 -10.3425 -9.20178
-7.20249 -10.6925 -9.32353
-7.29371 -10.9425 -9.44938
-7.35254 -11.1412 -9.61964
-7.42275 -11.3585 -9.87484
-7.51907 -11.637 -10.3245
-7.532 -12.0923 -10.7526
-7.46344 -12.4044 -11.1159
-7.34343 -12.6106 -11.4747
-7.21096 -12.8756 -11.823
-7.06678 -13.0141 -12.125
-6.80463 -13.0834 -12.575
-6.26823 -13.101 -13.1247
-6.10104 -13.1979 -13.3107
-6.03898 -13.3418 -13.4042
-6.01322 -13.4924 -13.4563
-5.95462 -14.3425 -13.7024
-5.86749 -15.3425 -13.925
