820 261
27.0065 52.0134
26.9565 52.0134
26.8565 52.0634
25.8565 52.0634
25.7565 52.1134
24.5565 52.1134
24.4565 52.0634
23.4565 52.0634
23.3565 52.0134
22.8065 52.0134
22.7065 51.9634
22.3065 51.9634
22.2065 51.9134
21.9065 51.9134
21.8065 51.8634
21.5565 51.8634
21.4565 51.8134
21.2065 51.8134
21.1065 51.7634
20.9065 51.7634
20.8065 51.7134
20.6065 51.7134
20.5065 51.6634
20.3565 51.6634
20.2565 51.6134
20.1065 51.6134
20.0065 51.5634
19.8565 51.5634
19.7565 51.5134
19.6565 51.5134
19.5565 51.4634
19.4065 51.4634
19.3065 51.4134
19.2065 51.4134
19.1065 51.3634
19.0065 51.3634
18.9065 51.3134
18.8065 51.3134
18.7065 51.2634
18.6065 51.2634
18.5065 51.2134
18.4065 51.2134
18.3065 51.1634
18.2565 51.1634
18.1565 51.1134
18.0565 51.1134
17.9565 51.0634
17.9065 51.0634
17.8065 51.0134
17.7065 51.0134
17.6065 50.9634
17.5565 50.9634
17.4565 50.9134
17.4065 50.9134
17.3065 50.8634
17.2065 50.8634
17.1065 50.8134
17.0565 50.8134
16.9565 50.7634
16.9065 50.7634
16.7065 50.6634
16.6565 50.6634
16.5565 50.6134
16.5065 50.6134
16.4065 50.5634
16.3565 50.5634
16.2565 50.5134
16.2065 50.5134
16.0065 50.4134
15.9565 50.4134
15.7565 50.3134
15.7065 50.3134
15.5065 50.2134
15.4565 50.2134
15.2565 50.1133
15.2065 50.1133
14.8065 49.9134
14.7565 49.9134
14.2565 49.6634
14.2065 49.6634
13.3565 49.2384
13.3065 49.1884
12.8065 48.9384
12.7565 48.8884
12.3565 48.6884
12.3065 48.6384
12.1065 48.5384
12.0565 48.4884
11.8565 48.3884
11.8065 48.3384
11.7065 48.2884
11.6565 48.2384
11.4565 48.1384
11.4065 48.0884
11.3065 48.0384
11.2565 47.9884
11.1565 47.9384
11.1065 47.8884
11.0065 47.8384
10.9565 47.7884
10.8565 47.7384
10.8065 47.6884
10.7065 47.6384
10.6565 47.5884
10.5565 47.5384
10.5065 47.4884
10.4065 47.4384
10.3065 47.3384
10.2065 47.2884
10.1565 47.2384
10.0565 47.1884
9.95651 47.0884
9.85651 47.0384
9.75651 46.9384
9.65651 46.8884
9.55651 46.7884
9.45651 46.7384
9.30651 46.5884
9.20651 46.5384
9.05651 46.3884
8.95651 46.3384
8.75651 46.1384
8.65651 46.0884
8.45651 45.8884
8.35651 45.8384
8.00651 45.4884
7.93151 45.4634
6.18151 43.7134
6.13151 43.6134
5.78151 43.2634
5.73151 43.1634
5.53151 42.9634
5.48151 42.8634
5.28151 42.6634
5.23151 42.5634
5.08151 42.4134
5.03151 42.3134
4.88151 42.1634
4.83151 42.0634
4.73151 41.9634
4.68151 41.8634
4.58151 41.7634
4.53151 41.6634
4.48151 41.6134
4.43151 41.5134
4.33151 41.4134
4.28151 41.3134
4.23151 41.2634
4.18151 41.1634
4.08151 41.0634
4.03151 40.9634
3.98151 40.9134
3.93151 40.8134
3.88151 40.7634
3.83151 40.6634
3.78151 40.6134
3.73151 40.5134
3.68151 40.4634
3.63151 40.3634
3.58151 40.3134
3.53151 40.2134
3.48151 40.1634
3.43151 40.0634
3.38151 40.0134
3.28151 39.8134
3.23151 39.7634
3.18151 39.6634
3.13151 39.6134
3.03151 39.4134
2.98151 39.3634
2.93151 39.2634
2.88151 39.2134
2.73151 38.9134
2.68151 38.8634
2.53151 38.5634
2.48151 38.5134
2.13151 37.8134
2.08151 37.7634
1.95651 37.5134
1.95651 37.4634
1.60651 36.7634
1.60651 36.7134
1.45651 36.4134
1.45651 36.3634
1.30651 36.0634
1.30651 36.0134
1.20651 35.8134
1.20651 35.7634
1.10651 35.5634
1.10651 35.5134
1.05651 35.4134
1.05651 35.3634
0.95651 35.1634
0.95651 35.1134
0.90651 35.0134
0.90651 34.9634
0.85651 34.8634
0.85651 34.8134
0.80651 34.7134
0.80651 34.6634
0.75651 34.5634
0.75651 34.5134
0.70651 34.4134
0.70651 34.3634
0.65651 34.2634
0.65651 34.2134
0.60651 34.1134
0.60651 34.0634
0.55651 33.9634
0.55651 33.9134
0.50651 33.8134
0.50651 33.7634
0.45651 33.6634
0.45651 33.5634
0.40651 33.4634
0.40651 33.4134
0.35651 33.3134
0.35651 33.2134
0.30651 33.1134
0.30651 33.0134
0.25651 32.9134
0.25651 32.8634
0.20651 32.7634
0.20651 32.6634
0.15651 32.5634
0.15651 32.4634
0.10651 32.3634
0.10651 32.2634
0.0565096 32.1634
0.0565096 32.0134
0.00650956 31.9134
0.00650956 31.8134
-0.0434904 31.7134
-0.0434904 31.5634
-0.0934904 31.4634
-0.0934904 31.3134
-0.14349 31.2134
-0.14349 31.0634
-0.19349 30.9634
-0.19349 30.8134
-0.24349 30.7134
-0.24349 30.5134
-0.29349 30.4134
-0.29349 30.2134
-0.34349 30.1134
-0.34349 29.8634
-0.39349 29.7634
-0.39349 29.5134
-0.443491 29.4134
-0.443491 29.0634
-0.493491 28.9634
-0.493491 28.5634
-0.543491 28.4634
-0.543491 27.9134
-0.593491 27.8134
-0.593491 24.7634
-0.543491 24.6634
-0.543491 24.1134
-0.493491 24.0134
-0.493491 23.6134
-0.468491 23.5634
