410 135
6.53151 44.0634
6.18151 43.7134
6.13151 43.6134
5.78151 43.2634
5.73151 43.1634
5.53151 42.9634
5.48151 42.8634
5.28151 42.6634
5.23151 42.5634
5.08151 42.4134
5.03151 42.3134
4.88151 42.1634
4.83151 42.0634
4.73151 41.9634
4.68151 41.8634
4.58151 41.7634
4.53151 41.6634
4.48151 41.6134
4.43151 41.5134
4.33151 41.4134
4.28151 41.3134
4.23151 41.2634
4.18151 41.1634
4.08151 41.0634
4.03151 40.9634
3.98151 40.9134
3.93151 40.8134
3.88151 40.7634
3.83151 40.6634
3.78151 40.6134
3.73151 40.5134
3.68151 40.4634
3.63151 40.3634
3.58151 40.3134
3.53151 40.2134
3.48151 40.1634
3.43151 40.0634
3.38151 40.0134
3.28151 39.8134
3.23151 39.7634
3.18151 39.6634
3.13151 39.6134
3.03151 39.4134
2.98151 39.3634
2.93151 39.2634
2.88151 39.2134
2.73151 38.9134
2.68151 38.8634
2.53151 38.5634
2.48151 38.5134
2.13151 37.8134
2.08151 37.7634
1.95651 37.5134
1.95651 37.4634
1.60651 36.7634
1.60651 36.7134
1.45651 36.4134
1.45651 36.3634
1.30651 36.0634
1.30651 36.0134
1.20651 35.8134
1.20651 35.7634
1.10651 35.5634
1.10651 35.5134
1.05651 35.4134
1.05651 35.3634
0.95651 35.1634
0.95651 35.1134
0.90651 35.0134
0.90651 34.9634
0.85651 34.8634
0.85651 34.8134
0.80651 34.7134
0.80651 34.6634
0.75651 34.5634
0.75651 34.5134
0.70651 34.4134
0.70651 34.3634
0.65651 34.2634
0.65651 34.2134
0.60651 34.1134
0.60651 34.0634
0.55651 33.9634
0.55651 33.9134
0.50651 33.8134
0.50651 33.7634
0.45651 33.6634
0.45651 33.5634
0.40651 33.4634
0.40651 33.4134
0.35651 33.3134
0.35651 33.2134
0.30651 33.1134
0.30651 33.0134
0.25651 32.9134
0.25651 32.8634
0.20651 32.7634
0.20651 32.6634
0.15651 32.5634
0.15651 32.4634
0.10651 32.3634
0.10651 32.2634
0.0565096 32.1634
0.0565096 32.0134
0.00650956 31.9134
0.00650956 31.8134
-0.0434904 31.7134
-0.0434904 31.5634
-0.0934904 31.4634
-0.0934904 31.3134
-0.14349 31.2134
-0.14349 31.0634
-0.19349 30.9634
-0.19349 30.8134
-0.24349 30.7134
-0.24349 30.5134
-0.29349 30.4134
-0.29349 30.2134
-0.34349 30.1134
-0.34349 29.8634
-0.39349 29.7634
-0.39349 29.5134
-0.443491 29.4134
-0.443491 29.0634
-0.493491 28.9634
-0.493491 28.5634
-0.543491 28.4634
-0.543491 27.9134
-0.593491 27.8134
-0.593491 24.7634
-0.543491 24.6634
-0.543491 24.1134
-0.493491 24.0134
-0.493491 23.6634
-0.468491 23.5634
