2090 730
-0.443491 23.4634
-0.443491 23.1634
-0.39349 23.0634
-0.39349 22.8134
-0.34349 22.7134
-0.34349 22.4634
-0.29349 22.3634
-0.29349 22.1634
-0.24349 22.0634
-0.24349 21.8634
-0.19349 21.7634
-0.19349 21.6134
-0.14349 21.5134
-0.14349 21.3634
-0.0934904 21.2634
-0.0934904 21.1134
-0.0434904 21.0134
-0.0434904 20.8634
0.00650956 20.7634
0.00650956 20.6634
0.0565096 20.5634
0.0565096 20.4634
0.10651 20.3634
0.10651 20.2634
0.15651 20.1634
0.15651 20.0634
0.20651 19.9634
0.20651 19.8634
0.25651 19.7634
0.25651 19.6634
0.30651 19.5634
0.30651 19.4634
0.35651 19.3634
0.35651 19.2634
0.40651 19.1634
0.40651 19.1134
0.45651 19.0134
0.45651 18.9634
0.50651 18.8634
0.50651 18.7634
0.55651 18.6634
0.55651 18.6134
0.60651 18.5134
0.60651 18.4634
0.65651 18.3634
0.65651 18.3134
0.70651 18.2134
0.70651 18.1634
0.75651 18.0634
0.75651 18.0134
0.80651 17.9134
0.80651 17.8634
0.85651 17.7634
0.85651 17.7134
0.90651 17.6134
0.90651 17.5634
1.00651 17.3634
1.00651 17.3134
1.05651 17.2134
1.05651 17.1634
1.15651 16.9634
1.15651 16.9134
1.20651 16.8134
1.20651 16.7634
1.35651 16.4634
1.35651 16.4134
1.45651 16.2134
1.45651 16.1634
1.65651 15.7634
1.65651 15.7134
2.43151 14.1634
2.48151 14.1134
2.68151 13.7134
2.73151 13.6634
2.83151 13.4634
2.88151 13.4134
2.98151 13.2134
3.03151 13.1634
3.13151 12.9634
3.18151 12.9134
3.23151 12.8134
3.28151 12.7634
3.33151 12.6634
3.38151 12.6134
3.48151 12.4134
3.53151 12.3634
3.58151 12.2634
3.63151 12.2134
3.68151 12.1134
3.73151 12.0634
3.78151 11.9634
3.83151 11.9134
3.88151 11.8134
3.93151 11.7634
3.98151 11.6634
4.08151 11.5634
4.13151 11.4634
4.18151 11.4134
4.23151 11.3134
4.28151 11.2634
4.33151 11.1634
4.43151 11.0634
4.48151 10.9634
4.58151 10.8634
4.63151 10.7634
4.73151 10.6634
4.78151 10.5634
4.88151 10.4634
4.93151 10.3634
5.08151 10.2134
5.13151 10.1134
5.28151 9.96336
5.33151 9.86336
5.48151 9.71336
5.53151 9.61336
5.78151 9.36336
5.83151 9.26336
6.18151 8.91336
6.23151 8.81336
7.88151 7.16336
7.95651 7.13836
8.30651 6.78836
8.40651 6.73836
8.65651 6.48836
8.75651 6.43836
8.90651 6.28836
9.00651 6.23836
9.15651 6.08836
9.25651 6.03836
9.40651 5.88836
9.50651 5.83836
9.60651 5.73836
9.70651 5.68836
9.80651 5.58836
9.90651 5.53836
10.0065 5.43836
10.1065 5.38836
10.2065 5.28836
10.3065 5.23836
10.3565 5.18836
10.4565 5.13836
10.5065 5.08836
10.6065 5.03836
10.7065 4.93836
10.8065 4.88836
10.8565 4.83836
10.9565 4.78836
11.0065 4.73836
11.1065 4.68836
11.1565 4.63836
11.3565 4.53836
11.4065 4.48836
11.5065 4.43836
11.5565 4.38836
11.6565 4.33836
11.7065 4.28836
11.9065 4.18836
11.9565 4.13836
12.1565 4.03836
12.2065 3.98836
12.4065 3.88836
12.4565 3.83836
12.8565 3.63836
12.9065 3.58836
14.6565 2.71336
14.7065 2.71336
15.1065 2.51336
15.1565 2.51336
15.3565 2.41336
15.4065 2.41336
15.7065 2.26336
15.7565 2.26336
15.8565 2.21336
15.9065 2.21336
16.1065 2.11336
16.1565 2.11336
16.2565 2.06336
16.3065 2.06336
16.5065 1.96336
16.5565 1.96336
16.6565 1.91336
16.7065 1.91336
16.8065 1.86336
16.8565 1.86336
16.9565 1.81336
17.0065 1.81336
17.1065 1.76336
17.1565 1.76336
17.2565 1.71336
17.3065 1.71336
17.4065 1.66336
17.4565 1.66336
17.5565 1.61336
17.6565 1.61336
17.7565 1.56336
17.8065 1.56336
17.9065 1.51336
17.9565 1.51336
18.0565 1.46336
18.1565 1.46336
18.2565 1.41336
18.3565 1.41336
18.4565 1.36336
18.5565 1.36336
18.6565 1.31336
18.7565 1.31336
18.8565 1.26336
18.9565 1.26336
19.0565 1.21336
19.1565 1.21336
19.2565 1.16336
19.3565 1.16336
19.4565 1.11336
19.5565 1.11336
19.6565 1.06336
19.8065 1.06336
19.9065 1.01336
20.0565 1.01336
20.1565 0.963359
20.3065 0.963359
20.4065 0.913359
20.5565 0.913359
20.6565 0.863359
20.8565 0.863359
20.9565 0.813359
21.1565 0.813359
21.2565 0.763359
21.5065 0.763359
21.6065 0.713359
21.8565 0.713359
21.9565 0.663359
22.3065 0.663359
22.4065 0.613359
22.8065 0.613359
22.9065 0.563359
23.4565 0.563359
23.5565 0.513359
26.7565 0.513359
26.8565 0.563359
27.4065 0.563359
27.5065 0.613359
27.9065 0.613359
28.0065 0.663359
28.3565 0.663359
28.4565 0.713359
28.7065 0.713359
28.8065 0.763359
29.0565 0.763359
29.1565 0.813359
29.3565 0.813359
29.4565 0.863359
29.6565 0.863359
29.7565 0.913359
29.9065 0.913359
30.0065 0.963359
30.1565 0.963359
30.2565 1.01336
30.4065 1.01336
30.5065 1.06336
30.6565 1.06336
30.7565 1.11336
30.8565 1.11336
30.9565 1.16336
31.1065 1.16336
31.2065 1.21336
31.3065 1.21336
31.4065 1.26336
31.5065 1.26336
31.6065 1.31336
31.6565 1.31336
31.7565 1.36336
31.8565 1.36336
31.9565 1.41336
32.0565 1.41336
32.1565 1.46336
32.2065 1.46336
32.3065 1.51336
32.4065 1.51336
32.5065 1.56336
32.5565 1.56336
32.6565 1.61336
32.7065 1.61336
32.8065 1.66336
32.8565 1.66336
32.9565 1.71336
33.0065 1.71336
33.1065 1.76336
33.1565 1.76336
33.2565 1.81336
33.3065 1.81336
33.4065 1.86336
33.4565 1.86336
33.5565 1.91336
33.6065 1.91336
33.7065 1.96336
33.7565 1.96336
33.8565 2.01336
33.9065 2.01336
34.0065 2.06336
34.0565 2.06336
34.2565 2.16336
34.3065 2.16336
34.4065 2.21336
34.4565 2.21336
34.6565 2.31336
34.7065 2.31336
34.9065 2.41336
34.9565 2.41336
35.2565 2.56336
35.3065 2.56336
35.6065 2.71336
35.6565 2.71336
36.3565 3.06336
36.4065 3.06336
36.8565 3.28836
36.9065 3.33836
37.6065 3.68836
37.6565 3.73836
37.9565 3.88836
38.0065 3.93836
38.3065 4.08836
38.3565 4.13836
38.4565 4.18836
38.5065 4.23836
38.7065 4.33836
38.7565 4.38836
38.8565 4.43836
38.9065 4.48836
39.1065 4.58836
39.1565 4.63836
39.2565 4.68836
39.3065 4.73836
39.4065 4.78836
39.4565 4.83836
39.5565 4.88836
39.6065 4.93836
39.7065 4.98836
39.7565 5.03836
39.8565 5.08836
39.9065 5.13836
40.0065 5.18836
40.1065 5.28836
40.2065 5.33836
40.2565 5.38836
40.3565 5.43836
40.4565 5.53836
40.5565 5.58836
40.6065 5.63836
40.7065 5.68836
40.8065 5.78836
40.9065 5.83836
41.0065 5.93836
41.1065 5.98836
41.2565 6.13836
41.3565 6.18836
41.5565 6.38836
41.6565 6.43836
41.8565 6.63836
41.9565 6.68836
42.3065 7.03836
42.4065 7.08836
44.2565 8.93836
44.2815 9.01336
44.6315 9.36336
44.6815 9.46336
44.8815 9.66336
44.9315 9.76336
45.1315 9.96336
45.1815 10.0634
45.3315 10.2134
45.3815 10.3134
45.5315 10.4634
45.5815 10.5634
45.6815 10.6634
45.7315 10.7634
45.8315 10.8634
45.8815 10.9634
45.9815 11.0634
46.0315 11.1634
46.0815 11.2134
46.1315 11.3134
46.2315 11.4134
46.2815 11.5134
46.3315 11.5634
46.3815 11.6634
46.4315 11.7134
46.4815 11.8134
46.5315 11.8634
46.5815 11.9634
46.6315 12.0134
46.6815 12.1134
46.7315 12.1634
46.7815 12.2634
46.8315 12.3134
46.8815 12.4134
46.9315 12.4634
46.9815 12.5634
47.0315 12.6134
47.1315 12.8134
47.1815 12.8634
47.2315 12.9634
47.2815 13.0134
47.3815 13.2134
47.4315 13.2634
47.5315 13.4634
47.5815 13.5134
47.7815 13.9134
47.8315 13.9634
48.0815 14.4634
48.1315 14.5134
48.5565 15.3634
48.5565 15.4134
48.8065 15.9134
48.8065 15.9634
49.0065 16.3634
49.0065 16.4134
49.1065 16.6134
49.1065 16.6634
49.2065 16.8634
49.2065 16.9134
49.3065 17.1134
49.3065 17.1634
49.4065 17.3634
49.4065 17.4134
49.4565 17.5134
49.4565 17.5634
49.5065 17.6634
49.5065 17.7134
49.5565 17.8134
49.5565 17.8634
49.6565 18.0634
49.6565 18.1134
49.7065 18.2134
49.7065 18.2634
49.7565 18.3634
49.7565 18.4134
49.8065 18.5134
49.8065 18.6134
49.8565 18.7134
49.8565 18.7634
49.9065 18.8634
49.9065 18.9134
49.9565 19.0134
49.9565 19.1134
50.0065 19.2134
50.0065 19.2634
50.0565 19.3634
50.0565 19.4634
50.1065 19.5634
50.1065 19.6134
50.1565 19.7134
50.1565 19.8134
50.2065 19.9134
50.2065 20.0134
50.2565 20.1134
50.2565 20.2134
50.3065 20.3134
50.3065 20.4134
50.3565 20.5134
50.3565 20.6634
50.4065 20.7634
50.4065 20.8634
50.4565 20.9634
50.4565 21.1134
50.5065 21.2134
50.5065 21.3634
50.5565 21.4634
50.5565 21.6134
50.6065 21.7134
50.6065 21.9134
50.6565 22.0134
50.6565 22.2134
50.7065 22.3134
50.7065 22.5634
50.7565 22.6634
50.7565 22.9134
50.8065 23.0134
50.8065 23.3134
50.8565 23.4134
50.8565 23.8134
50.9065 23.9134
50.9065 24.4634
50.9565 24.5634
50.9565 25.5634
51.0065 25.6634
51.0065 26.9134
50.9565 27.0134
50.9565 28.0134
50.9065 28.1134
50.9065 28.6634
50.8565 28.7634
50.8565 29.1634
50.8065 29.2634
50.8065 29.5634
50.7565 29.6634
50.7565 29.9134
50.7065 30.0134
50.7065 30.2634
50.6565 30.3634
50.6565 30.5634
50.6065 30.6634
50.6065 30.8634
50.5565 30.9634
50.5565 31.1134
50.5065 31.2134
50.5065 31.3634
50.4565 31.4634
50.4565 31.6134
50.4065 31.7134
50.4065 31.8634
50.3565 31.9634
50.3565 32.0634
50.3065 32.1634
50.3065 32.2634
50.2565 32.3634
50.2565 32.4634
50.2065 32.5634
50.2065 32.6634
50.1565 32.7634
50.1565 32.8634
50.1065 32.9634
50.1065 33.0634
50.0565 33.1634
50.0565 33.2134
50.0065 33.3134
50.0065 33.4134
49.9565 33.5134
49.9565 33.5634
49.9065 33.6634
49.9065 33.7134
49.8565 33.8134
49.8565 33.9134
49.8065 34.0134
49.8065 34.0634
49.7565 34.1634
49.7565 34.2134
49.7065 34.3134
49.7065 34.3634
49.6565 34.4634
49.6565 34.5134
49.6065 34.6134
49.6065 34.6634
49.5065 34.8634
49.5065 34.9134
49.4565 35.0134
49.4565 35.0634
49.4065 35.1634
49.4065 35.2134
49.3065 35.4134
49.3065 35.4634
49.2065 35.6634
49.2065 35.7134
49.1065 35.9134
49.1065 35.9634
49.0065 36.1634
49.0065 36.2134
48.8565 36.5134
48.8565 36.5634
48.6065 37.0634
48.6065 37.1134
48.0815 38.1634
48.0315 38.2134
47.7815 38.7134
47.7315 38.7634
47.5815 39.0634
47.5315 39.1134
47.4315 39.3134
47.3815 39.3634
47.2815 39.5634
47.2315 39.6134
47.1315 39.8134
47.0815 39.8634
47.0315 39.9634
46.9815 40.0134
46.9315 40.1134
46.8815 40.1634
46.8315 40.2634
46.7815 40.3134
46.7315 40.4134
46.6815 40.4634
46.6315 40.5634
46.5815 40.6134
46.5315 40.7134
46.4815 40.7634
46.4315 40.8634
46.3815 40.9134
46.3315 41.0134
46.2815 41.0634
46.2315 41.1634
46.1315 41.2634
46.0815 41.3633
46.0315 41.4134
45.9815 41.5134
45.8815 41.6134
45.8315 41.7134
45.7315 41.8134
45.6815 41.9134
45.5815 42.0134
45.5315 42.1134
45.4315 42.2134
45.3815 42.3134
45.2315 42.4634
45.1815 42.5634
44.9815 42.7634
44.9315 42.8634
44.7315 43.0634
44.6815 43.1634
44.3315 43.5134
44.3065 43.5884
42.3565 45.5384
42.2565 45.5884
41.9065 45.9384
41.8065 45.9884
41.6065 46.1884
41.5065 46.2384
41.3065 46.4384
41.2065 46.4884
41.1065 46.5884
41.0065 46.6384
40.9065 46.7384
40.8065 46.7884
40.7065 46.8884
40.6065 46.9384
40.5065 47.0384
40.4065 47.0884
40.3565 47.1384
40.2565 47.1884
40.1565 47.2884
40.0565 47.3384
40.0065 47.3884
39.9065 47.4384
39.8565 47.4884
39.7565 47.5384
39.7065 47.5884
39.6065 47.6384
39.5565 47.6884
39.4565 47.7384
39.4065 47.7884
39.3065 47.8384
39.2565 47.8884
39.1565 47.9384
39.1065 47.9884
39.0065 48.0384
38.9565 48.0884
38.8565 48.1384
38.8065 48.1884
38.6065 48.2884
38.5565 48.3384
38.3565 48.4384
38.3065 48.4884
38.1065 48.5884
38.0565 48.6384
37.7565 48.7884
37.7065 48.8384
37.2065 49.0884
37.1565 49.1384
36.1065 49.6634
36.0565 49.6634
35.5565 49.9134
35.5065 49.9134
35.2065 50.0634
35.1565 50.0634
34.9565 50.1634
34.9065 50.1634
34.7065 50.2634
34.6565 50.2634
34.4565 50.3634
34.4065 50.3634
34.2065 50.4634
34.1565 50.4634
34.0565 50.5134
34.0065 50.5134
33.9065 50.5634
33.8565 50.5634
33.6565 50.6634
33.6065 50.6634
33.5065 50.7134
33.4565 50.7134
33.3565 50.7634
33.3065 50.7634
33.2065 50.8134
33.1565 50.8134
33.0565 50.8634
33.0065 50.8634
32.9065 50.9134
32.8565 50.9134
32.7565 50.9634
32.6565 50.9634
32.5565 51.0134
32.5065 51.0134
32.4065 51.0634
32.3565 51.0634
32.2565 51.1134
32.1565 51.1134
32.0565 51.1634
32.0065 51.1634
31.9065 51.2134
31.8065 51.2134
31.7065 51.2634
31.6065 51.2634
31.5065 51.3134
31.4065 51.3134
31.3065 51.3634
31.2065 51.3634
31.1065 51.4134
31.0065 51.4134
30.9065 51.4634
30.8065 51.4634
30.7065 51.5134
30.5565 51.5134
30.4565 51.5634
30.3065 51.5634
30.2065 51.6134
30.0565 51.6134
29.9565 51.6634
29.8065 51.6634
29.7065 51.7134
29.5065 51.7134
29.4065 51.7634
29.2065 51.7634
29.1065 51.8134
28.8565 51.8134
28.7565 51.8634
28.5065 51.8634
28.4065 51.9134
28.1065 51.9134
28.0065 51.9634
27.6065 51.9634
27.5065 52.0134
27.0565 52.0134
